1.92629162
0.080759311
1.062855293
0.496609476
1.53359738
0.322375994
0.540911642
1.425665275
-1.029391862
-0.424833883
0.561949597
-0.506856646
0.140506868
0.770003812
1.199907988
-0.215269564
1.143497404
0.720586847
-0.799863465
-0.414965938
-0.321016701
0.67448975
-0.706435082
2.165086646
0.373115045
0.054884237
-1.191991252
-0.353810442
-0.477715474
0.810573377
1.599629764
0.316942368
0.154860875
0.221879323
-0.649580976
0.420599753
0.026463377
0.277816206
-0.299346613
0.867469418
-0.144418603
-1.042637154
-0.135294554
0.304750574
-0.385598524
-0.953432953
0.216590755
0.034211435
-1.251896388
1.263281154
-0.295299379
0.913521989
0.188921325
-0.717244119
-2.046779782
0.42624695
1.351229151
-1.003428902
0.939294007
1.500953217
0.450402579
0.707263606
0.135294554
-2.151827836
0.495149867
0.444695738
-0.520110426
1.171236806
1.313601236
-0.815063356
1.040416927
0.419190055
-0.12097919
-0.625068883
-0.251081922
0.534944912
-0.405138237
-0.095012573
-0.259082515
-0.839599726
-0.284530166
0.12878431
2.102261432
-1.886576562
-0.065228888
1.161046305
-0.527513158
-1.500953217
0.423421664
1.001295783
0.552903403
-0.061348885
0.521588681
0.272454055
-1.432834105
0.167937641
-0.292603913
2.006535209
-0.195495386
-0.780462938
-1.508964207
-1.387486346
0.508324857
-0.12878431
-0.360689444
0.295299379
1.111808744
-2.487254514
-0.441136314
2.126391814
-1.166126419
-0.964677261
0.740815435
1.705755814
0.208669197
-1.022836473
0.429075643
-0.148332548
-1.469834469
-0.61568105
-0.578655226
-0.336002201
0.959551172
-1.205227873
0.380043007
-0.644012303
1.029391862
-0.461142754
-0.402337536
0.145723003
0.156167323
-0.87880749
1.521165417
1.451085974
-2.090641115
1.121439273
0.456124128
-0.439003343
-1.065128655
-1.731182859
2.207323708
-1.168677797
-0.924350591
-0.338734863
0.098903057
-0.041961548
2.910844689
0.584770015
0.359312288
-0.97189667
0.581709902
0.127482924
-0.768268815
1.335320812
-0.509059373
0.111882489
0.727296594
-0.199443864
0.092419719
1.513006279
1.546270991
1.613706317
0.194179907
-1.98757324
-0.382819288
0.961598576
-0.100200214
-0.066522437
0.273793852
0.260417547
-0.529739608
1.404586809
-0.233801568
0.409345263
0.236455415
0.097606065
-0.034211435
-2.28792101
1.86410543
1.338475433
0.637672453
0.725616097
0.487867542
0.617241904
-1.770012696
-0.227174105
0.957507784
-2.016293349
-1.894283155
1.047093097
-0.75962825
1.34164343
-1.401133862
1.436446301
-0.075580523
0.517157318
-0.049714182
2.016293349
-0.744216309
-0.171866175
-1.229601015
-2.663902445
0.805206876
-0.263089006
1.035991789
0.403737491
-0.036794555
0.776967124
1.163582608
-0.89795976
-1.038201817
0.008389946
0.321016701
-1.062855293
0.699000036
-0.253746976
2.026247348
1.031586845
-1.795302222
-0.597065816
2.386863679
0.992808482
1.751762679
0.276474925
0.0406697
1.628110088
1.218679098
0.392559718
0.399539988
-0.559683763
0.467612405
-1.090508556
-0.175797363
0.182355418
-0.104092708
-0.734039245
0.563461757
-0.089827487
-0.505389527
-0.395349512
-1.700252616
-0.886429368
-0.162703613
0.368966869
0.329181457
-1.185450586
1.415047454
-1.572390836
-0.823187022
1.348020139
0.703952412
0.471936389
-0.337368217
1.504946639
1.168677797
-0.160088278
-1.044862532
-0.207350223
0.360689444
-1.301463364
-0.980209954
-0.514208714
1.357689258
-0.559683763
1.03378681
0.611007455
0.737423107
2.831405159
0.439003343
0.377269651
1.82862216
-0.00193612
-0.342838612
0.515682456
-0.919415135
-0.371731609
0.603247616
-2.001726923
-1.329051129
0.63451213
0.512736088
-0.085940265
0.259082515
0.986489645
0.489321926
-0.577129912
0.089827487
1.397697539
0.091123527
-1.390873976
1.757781126
-0.377269651
0.574083303
-0.42624695
0.834103876
0.798087399
-0.356560016
-0.772610663
0.102795038
1.934610545
0.819569828
0.300696778
-1.416806018
1.307508221
0.817765246
1.15599598
1.226856805
-0.866529613
0.261753043
1.136083236
-1.599629764
0.200760712
0.15355469
0.572561996
1.554860054
-2.548665571
0.486414189
0.837764965
0.875015639
1.078886075
0.663189707
-1.782514962
0.490777346
0.919415135
-0.14702765
-1.550551224
1.049328884
-0.772610663
-0.990697808
0.095012573
-1.628110088
-1.260419634
-0.834103876
-0.927322701
1.069691971
0.123580054
0.12097919
-0.447547337
-1.18155041
0.83593302
-0.653570959
-1.332179425
0.601700013
0.150943105
0.848816294
0.227174105
0.072991899
-0.532712301
-0.590906748
-0.225849818
-0.754471044
1.301463364
2.151827836
-1.15599598
-0.056176974
-0.025172201
-0.047129662
-0.32509637
-0.738270392
-1.310548647
1.051569929
0.065228888
-0.137900243
-0.708922113
0.211308237
0.712244994
0.506856646
0.718914479
-0.679359031
-0.702299707
0.747625812
-0.236455415
-0.798087399
-0.880708162
-1.249075428
1.003428902
1.477480585
0.271114746
-1.686715426
0.824999664
-1.047093097
1.542018899
0.967765117
-0.589370486
-0.943314459
-0.01742595
1.367487002
-0.448974501
0.389772976
-1.076579016
0.629783487
0.794542795
-0.366204945
1.466043424
-0.30610295
1.240671612
0.55591374
-2.621520023
1.15348184
-0.564975207
-1.059455514
-0.850668266
0.224525927
1.088172296
-0.649580976
-1.951661783
1.102280243
-0.188921325
-1.049328884
-0.598609119
-0.629783487
-0.308809385
-1.031586845
-1.199907988
-0.378655965
-0.859972276
-0.097606065
-0.244427039
0.569523349
-0.057469806
0.749333826
1.496983589
1.067407535
0.865590573
0.437582471
1.022836473
-0.778713841
-1.748777097
0.89795976
1.572390836
0.500994674
1.138547673
0.152248768
0.164011696
-0.169246861
-0.845121054
-1.161046305
0.650378144
-0.719750411
-0.90182983
0.279157987
0.583239276
1.332179425
2.583380757
-0.044545456
-0.695707958
-0.636881777
-0.03937792
-0.072991899
1.56356538
-0.157474039
0.464734604
0.980209954
-0.190235475
0.653570959
-1.131174952
0.296647917
1.429240509
-0.949373892
-0.013553245
-1.257568397
0.166628708
0.314229071
-0.07169777
-0.554407943
-1.815051712
0.338734863
1.109417173
-1.143497404
0.888342893
-0.22320243
-0.722261233
1.274832055
-0.668022133
-0.945330413
-1.978354095
-1.821794999
-1.158517449
-0.817765246
-0.46833246
-0.265762345
0.130085913
0.509794164
-1.731182859
-1.714108757
-0.540911642
0.679359031
-0.761351811
0.03937792
0.702299707
-0.384208535
-0.824999664
1.012007431
0.911564646
0.058762733
-0.441136314
1.637903563
0.782214425
0.801642059
0.543902231
-0.000645373
-0.669636409
0.947350216
1.745807023
-0.512736088
-1.007708897
-0.216590755
0.048421882
-0.170556372
1.237889728
-0.642424922
0.745919977
-0.083349508
0.89989311
2.090641115
-1.10346583
-0.344207809
0.333272045
0.614121696
0.90182983
1.316666115
-0.959551172
0.554407943
1.529427096
1.083517506
-0.732350463
-0.021298915
-0.557420798
1.44739692
-0.141810538
-0.091123527
-0.915482838
-0.89989311
-0.40093837
-0.132689784
-0.830453933
1.537794507
0.248418651
0.682614183
0.100200214
0.642424922
-0.186294
-2.354701501
0.454692348
-1.109417173
0.199443864
0.518633307
0.209988534
0.364825032
0.192864763
0.858105535
-0.546148367
0.929308666
-1.150974969
0.183667961
-0.082054341
-0.429075643
0.734039245
0.319658002
1.10703193
0.886429368
-0.24176813
0.207350223
1.095199022
0.473379676
0.078169655
-1.44739692
-2.354701501
0.763077637
-0.106688577
1.042637154
-0.348319285
1.053816267
1.422108172
1.126293768
-0.031628544
0.31287329
0.219234272
-3.014425389
2.305970954
1.018490523
-0.38143078
0.917447213
-0.54240633
0.303398756
0.025172201
1.782514962
0.353810442
0.757906942
-0.476269214
1.249075428
-1.074277672
-0.436162482
1.081198892
0.873124424
-0.673679759
-0.90961079
-0.933291635
0.994923588
-0.213948749
-0.636881777
1.910042795
-0.272454055
-0.078169655
0.949373892
-0.611007455
0.732350463
-1.748777097
1.59041863
-0.030337178
0.371731609
1.801807514
0.984392102
-0.621933522
-0.098903057
-0.626638869
1.26903544
-1.319743413
-0.177108361
1.902103924
-0.888342893
-1.537794507
0.578655226
-2.138936855
-0.341470057
-0.581709902
1.178960246
-0.543902231
-0.0406697
0.754471044
0.695707958
0.198127362
-0.464734604
-0.98229888
1.298458689
0.005808389
1.020661088
-1.283608158
-0.532712301
-1.016324746
1.145982808
-1.360940666
-0.314229071
-0.828633105
0.768268815
-0.473379676
0.933291635
0.288564688
-0.523068077
0.000645373
-0.008389946
0.124880799
-0.752756431
1.344824949
-0.593983465
0.963650017
1.194621847
0.66479879
0.514208714
0.907660399
0.548397263
-0.937289465
0.778713841
0.402337536
-0.027754597
0.161395808
1.189368879
-0.856241779
0.337368217
-1.298458689
1.289514262
0.852523161
0.217912323
-0.728979147
-0.255080177
0.331907899
0.531968687
-0.15355469
-1.493037411
0.40093837
1.776229125
-1.763863925
-0.130085913
-1.411543397
1.221395928
-1.408056585
0.697353053
1.232354515
-0.691603432
1.13362568
0.118379144
0.671252432
0.323735883
-1.349622908
0.905713456
-0.97396868
0.087235858
-1.357689258
1.647856701
0.524548619
0.945330413
0.832277519
1.025016709
0.710582573
1.184148526
0.203395454
-1.364206527
0.032919962
0.115779898
-0.443271295
-1.067407535
-0.756187877
-1.853213948
-0.592444406
-0.671252432
0.398142386
0.628210401
-0.183667961
-0.571042014
0.190235475
1.618470325
1.251896388
-0.167937641
0.22320243
-0.416373151
-0.712244994
-0.178419662
-0.115779898
-0.66479879
1.271928406
1.943065549
0.249750065
0.61568105
-0.617241904
-0.869351331
0.413559547
0.243097369
-1.266153057
-0.322375994
-0.473379676
-0.257747944
-0.517157318
0.004517626
-0.727296594
0.951401463
0.173176273
0.546897692
-1.289514262
-0.770003812
0.067816098
0.060055759
0.684244473
0.530482342
-1.081198892
-0.834103876
0.539418162
1.684044766
-0.279157987
-0.60789913
-0.655169866
-0.666409596
0.233801568
-0.872179987
0.690783925
0.049714182
-1.224121803
-0.784846165
0.084644815
-0.715575758
0.160088278
-0.403737491
-1.232354515
0.257747944
0.01742595
-0.067816098
0.345577651
-1.517073224
0.240439317
2.766609054
-0.053591591
-0.735730123
0.085940265
-1.173803508
1.257568397
-0.331907899
0.367585556
-0.417781188
-2.910844689
1.559197947
-0.63451213
-1.394277643
1.734078124
0.728979147
1.038201817
-1.451085974
-0.99916721
-0.495149867
-0.304750574
-0.303398756
1.821794999
-0.060055759
-3.472865646
0.65197372
0.586302126
0.299346613
-0.837764965
1.304479834
2.25390963
-1.213272256
-0.931298304
1.517073224
0.235128285
1.842537966
-0.503923496
-1.001295783
-0.184980821
-1.279207791
-1.141019044
0.457556844
-0.363445812
0.931298304
0.764805739
-0.699000036
0.880708162
-1.163582608
-0.247087677
-0.105390554
1.489114347
-2.23783649
0.600153849
-0.911564646
-0.451831578
1.432834105
0.645601308
1.581340492
1.12386321
0.126181755
0.839599726
-0.285874489
-0.529739608
-0.323735883
0.133992055
0.493691312
0.179731271
-2.079296428
0.606347168
-0.080759311
0.204713354
1.98757324
-1.918103906
-0.297996993
1.310548647
-0.969828824
-0.152248768
0.618804262
0.430491277
-0.747625812
0.340102142
0.022589972
-0.706435082
1.158517449
-0.566489951
0.903769939
1.623271351
1.473646758
-1.34164343
0.955468385
-1.525283243
-0.805206876
0.927322701
0.031628544
1.329051129
-0.834103876
0.571042014
0.78572462
0.334636811
-0.434743372
-1.943065549
-0.482785288
0.77348078
-1.722583037
-1.083517506
-0.220556605
0.075580523
0.32509637
0.587835614
-2.305970954
-0.261753043
-0.273793852
-0.765670647
1.918103906
0.705607042
0.315585429
-0.212628308
-1.473646758
-0.023881066
-1.215971233
1.056067936
-1.08584196
2.663902445
2.487254514
-1.776229125
-0.276474925
-1.92629162
-0.549147511
-1.012007431
3.472865646
0.823187022
-0.437582471
-0.136597283
-1.071982004
1.246264372
0.07169777
1.150974969
-0.917447213
0.505389527
-1.678739195
-0.609452556
0.433325137
0.275134141
-0.058762733
-0.32645746
0.440425101
-0.457556844
0.54240633
0.165320061
1.007708897
-0.31016345
-0.574083303
1.849631827
0.536434802
-0.884519083
0.388380741
0.417781188
-0.268437584
1.099913707
-1.202563676
-0.841437318
-0.682614183
0.148332548
-0.600153849
0.066522437
-1.59041863
-1.148475311
-1.686715426
-0.051006566
0.787483352
1.996964475
-0.398142386
-1.466043424
-0.563461757
2.057378355
-1.115408072
-0.473379676
-0.124880799
-0.004517626
0.047129662
-0.386989258
0.177108361
-0.032919962
0.375884062
0.639255005
1.66309969
-1.274832055
0.264425439
0.069109872
-0.454692348
0.062642114
1.711311162
0.28184306
-0.924350591
0.00322687
0.244427039
0.104092708
-0.586302126
0.476269214
-1.655430117
-0.093716067
0.00193612
-0.757906942
2.270587058
-1.581340492
0.012262392
1.131174952
-0.803423191
-1.878980412
-0.393256879
-0.267099725
-1.604286682
0.263089006
0.558929123
-0.863714778
-0.848816294
0.178419662
1.401133862
1.604286682
-0.389772976
0.424833883
0.191549954
-0.587835614
-0.029045863
-0.546148367
-0.375884062
0.659976679
0.577129912
1.632987248
-1.529427096
-1.384114564
-1.344824949
0.139203437
-0.349691084
-0.89506601
0.589370486
-0.158781023
0.677734153
0.990697808
-1.801807514
1.815051712
0.915482838
-0.65677045
-0.420599753
-0.118379144
0.327819155
0.297996993
-0.791008146
0.181043188
-1.349622908
2.222321503
-0.237782963
1.280671826
0.527513158
-0.470494084
-0.330544371
0.396745562
2.114172755
0.009680744
1.969300093
1.18155041
0.551400113
-0.480610999
-0.794542795
-0.444695738
0.499531875
0.783968315
-1.078886075
-0.458990499
0.730663767
-0.673679759
-0.409345263
0.225849818
-0.165320061
-1.10346583
-0.700648918
-2.036406256
1.2865556
-1.059455514
0.382819288
-0.260417547
0.894103092
-0.524548619
2.178737365
0.196811204
1.191991252
0.845121054
0.393954232
1.005566597
0.427660869
0.523068077
0.830453933
-0.784846165
0.446121084
2.433998458
-0.393256879
1.652895102
-0.154860875
-1.111808744
-1.018490523
0.206031609
-0.796313846
1.009855831
0.027754597
1.354452139
-0.179731271
1.166126419
-1.374092472
0.24176813
-1.315132131
-1.254727347
1.235117391
-1.295465692
0.036794555
-2.057378355
0.482060272
1.608978654
0.31016345
-0.812367403
-0.745919977
0.141810538
-0.569523349
-0.346948142
1.469834469
1.016324746
-0.166628708
-0.174486668
0.631358132
-0.329181457
0.101497541
1.567962842
0.143114449
-0.658372719
-1.221395928
0.612563833
1.24346313
-0.224525927
0.096309238
0.470494084
-1.401133862
0.923361701
1.45852391
-0.239110929
0.268437584
1.739912654
1.058324972
-0.203395454
0.859972276
0.775222774
-1.10346583
-1.185450586
0.110583734
2.711689341
-0.367585556
-0.399539988
-0.333272045
0.293951379
0.676111062
-0.391165967
-1.567962842
-1.554860054
0.063935447
-1.546270991
-0.595523933
0.97604488
0.479162734
-1.670868357
-0.680985705
-0.492962429
-1.87149116
-0.28991057
0.122279519
-0.502458546
0.283186358
0.212628308
-0.327819155
0.604796666
1.014163726
-0.488594605
0.384208535
-0.846967228
0.220556605
1.141019044
-0.182355418
1.886576562
2.548665571
1.418568973
0.267099725
-0.815063356
-0.631358132
0.752756431
0.405138237
0.623500436
0.717244119
0.255080177
0.694064745
-0.612563833
1.104652969
-0.866529613
-0.461142754
-1.145982808
-0.740815435
1.277746494
-0.821377081
-0.951401463
0.247087677
-0.792774232
-1.246264372
0.362067284
0.256413833
-0.311518084
-1.128730998
-0.539418162
-0.858105535
0.229823877
-1.45852391
-0.412153973
0.480610999
0.356560016
-0.46833246
-0.789244523
-0.187607501
0.051006566
0.366204945
0.187607501
-0.296647917
-1.176377967
-0.208669197
-1.585863224
1.856820008
-0.935288681
-0.719750411
0.070403763
-0.992808482
-1.739912654
-0.875015639
-0.127482924
-0.123580054
1.202563676
0.969828824
0.803423191
-0.580181887
-0.307455886
0.195495386
0.038086206
1.148475311
-0.484961863
0.636091498
-0.623500436
-1.322833259
0.119679066
-1.235117391
0.336002201
-0.340102142
-1.279207791
-0.122279519
-0.775222774
0.941302331
-0.89506601
1.642859789
0.32645746
-0.009680744
0.75962825
1.481336252
-0.549147511
-0.198127362
0.925340386
-2.102261432
-0.431907773
-1.19594025
-0.65197372
-1.095199022
1.370782261
0.735730123
-0.986489645
-0.55591374
-1.425665275
-0.31287329
0.943314459
1.835535632
-1.380758446
-0.043253466
1.260419634
-0.606347168
1.390873976
0.978125296
-0.940297695
0.57560594
0.661582339
-0.240439317
1.266153057
0.265762345
-1.934610545
1.394277643
0.016135022
-0.10798678
-0.28184306
-1.910042795
-1.477480585
-0.045837521
-1.325935786
-0.161395808
-0.661582339
0.280500271
-0.819569828
-1.613706317
0.030337178
0.363445812
0.349691084
-0.450402579
-1.53359738
-0.126181755
2.34450171
0.318299892
1.044862532
0.252414225
0.796313846
1.550551224
0.136597283
-1.239279471
-0.200760712
0.791008146
0.352436659
-0.687510524
0.566489951
-1.092850784
-2.126391814
0.202077908
-0.283186358
-1.097553315
0.626638869
-1.207900652
-0.140506868
-0.601700013
-0.252414225
-0.22849879
1.360940666
0.792774232
1.364206527
-1.83206795
-0.181043188
-0.345577651
-1.757781126
-0.419190055
-0.194179907
1.322833259
-1.842537966
0.213948749
-2.270587058
-1.120229772
-0.509059373
1.325935786
-0.763077637
0.043253466
0.593983465
-1.640376639
-1.178960246
-0.00322687
0.132689784
-0.913521989
0.307455886
-0.725616097
-0.221879323
1.728302034
-0.852523161
0.460425099
1.229601015
0.443271295
-0.520110426
0.341470057
0.355184893
0.988591538
1.092850784
1.128730998
-1.496983589
-0.131387737
-1.15348184
0.890259677
0.658372719
-0.496609476
-0.319658002
-0.872179987
0.742514798
0.269775923
0.828633105
0.692423404
-0.499531875
-1.438259449
0.700648918
0.841437318
0.109285165
1.215971233
-1.307508221
2.036406256
-0.632934344
0.850668266
2.068213202
0.545399349
-0.995982812
0.414965938
0.052299035
-0.063935447
0.157474039
-0.995982812
0.780462938
1.808389963
-0.007099161
2.138936855
-1.056067936
0.668022133
0.937289465
0.171866175
-1.218679098
0.083349508
1.87149116
1.576849876
0.708922113
-0.035502965
0.251081922
-1.640376639
-0.256413833
0.87880749
0.590906748
-0.300696778
-2.324805005
0.131387737
-2.114172755
0.892179737
0.461860647
-0.156167323
-1.292484254
2.28792101
0.035502965
0.595523933
-0.97604488
-1.354452139
-1.902103924
1.213272256
-1.655430117
-2.192806572
0.253746976
0.884519083
-1.66309969
-0.062642114
0.483510558
-0.984392102
-0.534944912
0.344207809
-1.788872029
-0.988591538
0.621933522
1.788872029
-0.430491277
0.137900243
-0.357935813
-0.069109872
-2.516774499
1.722583037
0.815963324
0.97189667
-1.13362568
-0.380043007
-1.335320812
0.632934344
0.97396868
1.076579016
-0.217912323
-1.171236806
0.239110929
-0.074286149
-0.413559547
0.422010289
-0.691603432
-0.929308666
0.60789913
1.508964207
-1.438259449
-0.211308237
0.088531599
1.485214068
0.416373151
-0.020007894
-0.243097369
2.621520023
-0.191549954
-0.113181434
-0.730663767
0.856241779
0.528997167
-0.070403763
1.090508556
0.029045863
-1.416806018
0.013553245
-0.526030311
1.254727347
-0.738270392
-1.126293768
-0.362067284
1.18675466
1.210582087
0.821377081
0.285874489
1.119021908
1.197260736
0.311518084
0.756187877
0.511264573
1.097553315
0.498070144
-0.854380993
0.24575714
-0.618804262
0.023881066
-0.584770015
-0.689146302
2.23783649
-1.10346583
0.351063541
0.074286149
0.056176974
-0.352436659
3.166133426
-1.44372746
0.436162482
1.44372746
0.412153973
2.079296428
-0.275134141
-1.051569929
-1.462273332
0.560438721
0.609452556
0.597065816
0.863714778
-0.500994674
2.459754908
-0.173176273
-1.670868357
-1.694800433
-1.027201828
-0.079464416
-1.020661088
1.525283243
-0.492962429
-0.092419719
-0.466173022
0.82681502
-0.114480569
-0.088531599
0.045837521
0.921386624
-0.410749213
0.808781956
-0.479162734
0.598609119
-0.026463377
2.409762118
-0.456124128
-0.149637699
0.854380993
-0.249750065
0.10798678
-0.232475263
0.093716067
-0.482785288
-0.723937646
1.440077337
1.668267604
-1.960404702
0.723937646
1.114206692
-0.536434802
-0.967765117
-0.57560594
-0.318299892
-1.489114347
-0.423421664
-1.025016709
0.90961079
0.434743372
0.114480569
-1.12386321
-0.351063541
0.88261202
-0.515682456
0.953432953
0.689146302
-0.463297147
0.410749213
0.685876584
-1.24346313
1.493037411
-0.749333826
0.458990499
-1.2865556
-0.269775923
-0.364825032
-0.359312288
-0.603247616
-0.117079422
-2.001726923
0.666409596
0.89602976
-2.026247348
0.492233807
-0.048421882
0.079464416
1.292484254
1.408056585
-0.248418651
-0.24575714
0.158781023
-1.504946639
-1.481336252
0.469052758
-0.143114449
0.876909989
-0.921386624
-1.136083236
-1.422108172
-0.561949597
1.173803508
-0.084644815
-1.56356538
0.40794212
-0.806993127
0.526030311
0.453261499
0.647191945
-0.957507784
0.020007894
-0.096309238
0.106688577
-0.145723003
-0.192864763
-0.710582573
0.644012303
-0.628210401
-1.053816267
0.175797363
0.170556372
-0.703952412
0.751044029
1.68939817
0.447547337
1.678739195
1.374092472
-0.196811204
-1.226856805
-1.542018899
-1.005566597
-0.776967124
-0.316942368
0.184980821
-1.088172296
-0.907660399
-0.422010289
-0.012262392
-0.713909386
-0.406539779
-0.620368132
-0.018716906
0.669636409
-0.010971559
0.640839158
-0.119679066
-0.537925883
-0.801642059
-0.110583734
0.385598524
-1.86410543
0.302047491
0.812367403
-0.614121696
1.060587412
-1.189368879
1.454794882
0.761351811
-0.101497541
-2.25390963
-0.038086206
0.044545456
-0.150943105
-0.685876584
0.806993127
-0.551400113
0.395349512
0.869351331
-0.810573377
-0.164011696
-0.288564688
-1.429240509
0.082054341
0.061348885
-0.861842018
-1.304479834
-0.315585429
-0.782214425
1.795302222
2.516774499
-0.293951379
-0.433325137
-0.787483352
-0.903769939
-0.280500271
-0.016135022
-2.433998458
-0.271114746
-1.401133862
2.365152313
0.010971559
0.466173022
-0.697353053
-0.235128285
0.441847751
-0.427660869
-0.82681502
-0.947350216
-0.511264573
0.620368132
1.319743413
-1.069691971
0.113181434
0.463297147
-0.639255005
-2.766609054
-2.831405159
-3.166133426
-0.453261499
1.176377967
-1.009855831
-2.222321503
2.046779782
-1.035991789
0.520110426
0.715575758
-0.334636811
-0.742514798
0.330544371
-0.765670647
-0.843277756
0.291256977
0.568005997
1.462273332
1.027201828
-0.659976679
0.287219329
0.965705523
-0.302047491
0.592444406
-1.454794882
-1.19594025
-1.239279471
0.370348885
0.799863465
-0.751044029
0.284530166
0.021298915
0.687510524
0.99916721
0.451831578
-0.520110426
-0.88261202
1.411543397
0.98229888
0.474823949
1.673480462
-0.694064745
-1.647856701
-1.595007281
-0.102795038
-1.377417808
1.224121803
-0.676922385
-0.109285165
1.08584196
0.843277756
0.014844121
-0.961598576
0.041961548
-2.068213202
0.28991057
-0.964677261
1.770012696
-0.40794212
1.700252616
-0.498070144
-0.676922385
1.585863224
-0.892179737
0.215269564
-0.572561996
-0.014844121
0.346948142
-0.287219329
-0.076875025
-0.204713354
0.580181887
-0.202077908
0.105390554
0.502458546
-1.521165417
2.192806572
0.186294
0.348319285
1.763863925
0.67287021
-0.446121084
1.205227873
0.503923496
0.162703613
1.595007281
0.655169866
2.324805005
0.739118208
-1.83206795
-1.03378681
0.533456209
-0.277816206
1.384114564
-0.231149367
0.391165967
-0.133992055
-1.853213948
0.14702765
0.564975207
-1.620866168
0.448974501
-1.270480594
0.549898068
0.648784221
1.207900652
-0.396745562
-1.367487002
-0.486414189
1.071982004
0.789244523
-0.087235858
-0.604796666
0.77174113
0.406539779
0.477715474
-1.632987248
-2.409762118
1.380758446
0.018716906
-0.111882489
-0.978125296
-1.808389963
-1.576849876
-0.206031609
1.878980412
1.894283155
-1.014163726
0.557420798
0.232475263
0.076875025
0.144418603
0.117079422
-0.645601308
0.308809385
1.283608158
0.149637699
-0.229823877
-1.485214068
-0.355184893
-0.905713456
1.978354095
0.431907773
1.377417808
0.871236327
0.231149367
-0.647191945
-0.209988534
-0.052299035
-2.583380757
0.997043155
-0.583239276
0.38143078
0.814164048
-0.219234272
-2.207323708
-0.264425439
0.846967228
0.935288681
0.357935813
0.713909386
-1.513006279
-1.969300093
-1.705755814
-0.054884237
0.374499195
1.960404702
0.292603913
-0.940297695
1.074277672
-0.955468385
-0.139203437
0.386989258
-0.684244473
1.657975815
1.716919832
0.744216309
-1.370782261
-0.388380741
-2.711689341
1.116611064
-1.040416927
-0.808781956
-1.263281154
3.014425389
0.057469806
-0.374499195
-0.663189707
-1.714108757
0.537925883
-0.490777346
-1.559197947
1.951661783
-1.620866168
-0.488594605
0.722261233
0.237782963
-1.270480594
-0.373115045
-1.608978654
0.625068883
1.694800433
1.295465692
-1.315132131
1.387486346
0.169246861
0.30610295
0.766536128
-2.165086646
-2.459754908
-0.552903403
-1.115408072
0.053591591
0.861842018
-0.005808389
-2.386863679
-2.178737365
0.65677045
-0.370348885
-0.876909989
0.484961863
0.680985705
-0.640839158
0.007099161
0.22849879
-1.120229772
0.342838612
0.378655965
1.065128655
-1.210582087
0.174486668
-0.368966869
-0.890259677
-0.022589972
-0.568005997
-1.338475433
-1.138547673
-0.291256977
