0.518633307
-0.396745562
1.145982808
0.560438721
-0.284530166
0.395349512
-0.612563833
-0.464734604
0.152248768
-1.546270991
0.307455886
-0.715575758
-1.599629764
1.040416927
-0.023881066
-0.40794212
-1.040416927
0.443271295
0.323735883
-0.799863465
-2.079296428
-0.493691312
-1.734078124
-0.070403763
1.842537966
0.060055759
0.285874489
1.466043424
1.025016709
0.385598524
0.308809385
-1.126293768
-1.351229151
-0.424833883
-0.752756431
0.451831578
-0.668022133
1.289514262
-2.207323708
0.338734863
1.207900652
1.171236806
-1.08584196
-0.740815435
1.15348184
0.917447213
0.012262392
0.427660869
-0.393954232
-0.304750574
-1.763863925
1.815051712
0.257747944
1.307508221
-0.303398756
0.345577651
-0.581709902
0.319658002
0.14702765
-0.251081922
0.07169777
-0.200760712
0.846967228
-0.187607501
0.609452556
-0.821377081
-1.246264372
0.276474925
-0.927322701
0.014844121
-0.315585429
-0.552903403
-0.034211435
0.329181457
-1.119021908
-0.448974501
-0.398142386
2.28792101
0.202077908
-0.052299035
-0.198127362
-0.212628308
1.232354515
0.097606065
0.327819155
1.422108172
0.082054341
-0.496609476
1.585863224
0.182355418
-0.041961548
0.221879323
1.249075428
-1.44372746
-0.15355469
0.15355469
0.156167323
-0.199443864
-0.700648918
1.360940666
-2.663902445
1.404586809
1.628110088
0.509794164
-0.631358132
-2.036406256
-0.10798678
-0.805206876
-1.886576562
0.89795976
-0.545399349
0.28991057
-0.357935813
-0.684244473
0.533456209
-1.66309969
-0.148332548
1.280671826
0.063935447
0.40093837
0.650378144
0.761351811
1.316666115
0.049714182
-0.065228888
-0.371731609
-0.963650017
-0.384208535
-0.852523161
0.382819288
-0.75962825
1.176377967
0.422010289
1.637903563
-0.124880799
0.302047491
0.166628708
-1.053816267
0.045837521
-0.892179737
0.644012303
0.113181434
-0.763077637
-0.965705523
1.348020139
2.046779782
-0.915482838
1.078886075
-1.020661088
1.014163726
-0.61568105
-0.247087677
-0.067816098
1.194621847
0.523068077
-0.471936389
-0.190235475
0.487867542
-0.220556605
-0.543902231
0.498070144
0.812367403
0.256413833
0.079464416
0.941302331
-0.308809385
-0.022589972
0.647191945
-0.717244119
-0.127482924
-1.348020139
-2.548665571
-1.038201817
-0.051006566
0.178419662
0.953432953
0.175797363
-0.886429368
-1.298458689
0.531968687
0.850668266
0.945330413
0.237782963
-0.745919977
-0.025172201
-1.700252616
0.503923496
-0.757906942
-0.403737491
-1.647856701
-0.871236327
1.801807514
-1.585863224
-0.311518084
0.127482924
0.095012573
-1.263281154
1.397697539
-0.22849879
-0.174486668
-1.415047454
-0.240439317
-1.316666115
-0.597065816
-0.628210401
-0.12878431
-1.821794999
-0.248418651
-1.808389963
0.031628544
0.423421664
-0.730663767
1.684044766
0.32645746
-1.150974969
0.143114449
1.277746494
-0.318299892
0.67448975
0.130085913
-0.587835614
-0.626638869
-1.173803508
-0.499531875
-1.739912654
-0.569523349
-0.554407943
0.590906748
-0.806993127
0.484961863
-0.273793852
0.293951379
0.496609476
-0.277816206
0.136597283
-0.14702765
1.071982004
0.389772976
1.489114347
-0.454692348
-0.644012303
-0.060055759
1.283608158
1.260419634
0.75962825
0.035502965
0.527513158
0.162703613
0.705607042
-0.653570959
0.087235858
-1.951661783
-0.265762345
-1.218679098
-0.362067284
-0.299346613
0.10798678
-0.460425099
1.92629162
0.083349508
-0.611007455
0.566489951
0.536434802
0.65197372
1.173803508
-0.409345263
1.384114564
-2.583380757
-1.014163726
-0.655169866
-0.523068077
0.824999664
0.493691312
-0.183667961
-0.710582573
-0.427660869
-0.259082515
-1.529427096
0.526030311
0.377269651
-0.101497541
0.839599726
1.951661783
0.419190055
-0.106688577
0.31287329
-0.476269214
1.496983589
0.080759311
-1.782514962
-1.34164343
1.304479834
-0.888342893
-1.404586809
-2.711689341
-1.178960246
0.817765246
1.351229151
-1.184148526
-1.081198892
-0.177108361
0.587835614
-0.07169777
-2.126391814
0.614121696
0.511264573
-0.905713456
-0.209988534
0.137900243
0.922373713
-0.692423404
0.212628308
0.60789913
-0.489321926
-1.199907988
0.424833883
0.316942368
-0.933291635
0.084644815
0.877858344
0.085940265
0.020007894
-0.778713841
-0.049714182
-0.380043007
-0.102795038
-0.990697808
0.034211435
1.618470325
0.231149367
0.460425099
0.367585556
-0.515682456
1.141019044
1.595007281
1.274832055
-1.542018899
-1.163582608
-1.176377967
0.632934344
-1.12386321
-0.830453933
1.131174952
0.943314459
0.618804262
-0.28184306
0.563461757
-0.267099725
0.409345263
1.138547673
0.169246861
1.34164343
-0.145723003
-0.819569828
-0.243097369
1.473646758
2.305970954
-1.436446301
-2.386863679
-0.346948142
-1.24346313
-0.563461757
-0.149637699
0.304750574
1.189368879
0.225849818
-1.694800433
0.543902231
-1.029391862
0.186294
-0.492233807
1.335320812
-1.307508221
1.504946639
-0.794542795
-0.486414189
-0.344207809
0.77348078
0.032919962
1.763863925
-1.025016709
-0.694064745
-1.604286682
2.026247348
-0.283186358
-0.843277756
0.530482342
1.657975815
-1.513006279
-1.166126419
-0.735730123
0.754471044
1.902103924
-0.000645373
-0.082054341
-0.139203437
-1.576849876
-0.791008146
-0.164011696
0.583239276
-0.016135022
-0.03937792
-2.222321503
1.454794882
1.559197947
-0.22320243
0.183667961
0.980209954
-0.848816294
1.24346313
1.092850784
0.611007455
0.026463377
-0.747625812
-0.903769939
-0.351063541
2.192806572
-1.408056585
1.009855831
0.106688577
-0.440425101
0.243097369
0.416373151
-1.161046305
1.344824949
-1.016324746
-0.260417547
-0.203395454
-0.24176813
0.692423404
1.613706317
-0.583239276
-0.195495386
-0.014844121
-0.084644815
-1.274832055
0.617241904
0.479162734
1.513006279
-2.516774499
-1.083517506
0.362067284
1.263281154
0.951401463
-1.005566597
-0.217912323
0.089827487
-0.441847751
-0.402337536
-0.458990499
-0.943314459
-0.718914479
-1.59041863
0.010971559
0.604796666
0.004517626
-0.096309238
1.700252616
0.967765117
-1.504946639
-1.429240509
-0.713909386
2.270587058
-0.600153849
-0.495149867
0.279157987
2.178737365
-1.440077337
-2.324805005
0.458990499
0.708922113
-1.03378681
0.375884062
0.473379676
-0.158781023
-1.202563676
-0.604796666
-0.54240633
0.470494084
1.485214068
-0.845121054
-0.639255005
3.166133426
-0.207350223
-0.89602976
-3.166133426
1.98757324
-1.462273332
0.965705523
0.366204945
0.821377081
-1.067407535
0.757906942
0.135294554
0.89602976
0.875015639
0.287219329
0.092419719
-1.657975815
0.292603913
-0.162703613
1.229601015
0.77174113
0.947350216
0.00193612
0.255080177
0.016135022
-0.224525927
0.554407943
0.380043007
-0.027754597
-1.009855831
-2.34450171
1.86410543
-0.280500271
1.067407535
0.303398756
2.138936855
0.429075643
0.819569828
0.027754597
-0.530482342
0.440425101
-1.15348184
1.440077337
0.115779898
0.195495386
0.283186358
-0.348319285
1.508964207
-0.907660399
-0.566489951
1.500953217
-0.322375994
0.38143078
0.109285165
0.005808389
0.349691084
1.44739692
0.903769939
0.227174105
1.109417173
-0.231149367
-0.861842018
0.703952412
-1.776229125
-0.467612405
0.537925883
0.352436659
-0.792774232
-1.493037411
0.718914479
-0.629783487
-0.076875025
-1.496983589
-0.085940265
-0.498070144
-1.051569929
0.528997167
0.342838612
0.188921325
0.639255005
-1.078886075
-2.057378355
0.24575714
0.013553245
-1.572390836
0.434743372
-0.941302331
-0.571042014
-1.168677797
-1.652895102
-0.953432953
-1.716919832
-0.429075643
-0.047129662
-0.229823877
0.66479879
-0.074286149
0.300696778
0.167937641
-0.045837521
-1.194621847
-0.925340386
-0.075580523
0.444695738
0.700648918
0.768268815
-1.313601236
0.24176813
-1.521165417
0.625068883
-1.618470325
0.244427039
-0.117079422
-1.2865556
-0.202077908
-0.659976679
0.869351331
-1.608978654
-0.005808389
-0.531968687
0.164011696
1.886576562
0.053591591
-0.244427039
1.739912654
0.007099161
-0.546897692
0.263089006
0.12878431
-0.338734863
-0.399539988
-0.648784221
-1.815051712
-0.625068883
-0.261753043
0.196811204
0.190235475
-1.099913707
-0.466173022
-0.285874489
0.402337536
0.314229071
-0.557420798
0.374499195
1.074277672
-0.549898068
-0.336002201
-0.536434802
0.463297147
0.154860875
0.500994674
-1.18155041
-0.841437318
-1.98757324
-3.014425389
0.184980821
-0.043253466
-1.229601015
-1.82862216
-0.021298915
1.029391862
-0.091123527
0.770003812
0.915482838
0.025172201
0.091123527
0.363445812
1.599629764
-1.235117391
1.058324972
0.689146302
0.666409596
0.093716067
-0.589370486
0.105390554
-0.353810442
-0.316942368
-0.789244523
-0.751044029
1.969300093
-2.192806572
0.911564646
-0.561949597
-0.677734153
-1.226856805
0.495149867
-0.288564688
1.374092472
-0.894103092
0.776967124
2.165086646
-0.969828824
-1.550551224
-0.171866175
-1.411543397
-1.364206527
0.539418162
-0.276474925
-1.53359738
0.621933522
-1.292484254
-0.961598576
-0.988591538
-0.156167323
1.425665275
0.420599753
1.178960246
-0.484961863
-0.737423107
0.161395808
-0.666409596
0.291256977
0.863714778
0.512736088
0.992808482
0.815963324
1.367487002
-1.390873976
0.150943105
-0.083349508
-1.637903563
-1.148475311
0.096309238
-0.90961079
0.341470057
-1.18675466
0.687510524
-0.679359031
-1.109417173
-0.377269651
-0.00322687
-0.069109872
0.206031609
0.399539988
0.253746976
-0.341470057
-0.514208714
-0.500994674
-0.410749213
-0.080759311
-1.380758446
-0.092419719
0.348319285
-0.854380993
0.179731271
1.354452139
0.177108361
-0.967765117
1.429240509
0.119679066
0.593983465
0.927322701
-0.40093837
-0.590906748
1.310548647
0.955468385
-0.297996993
-0.263089006
-0.038086206
1.411543397
0.00322687
-0.593983465
1.910042795
0.834103876
-1.996964475
1.148475311
-0.873124424
-0.30610295
2.079296428
-0.67448975
-0.01742595
0.486414189
-1.237889728
-1.295465692
-0.342838612
-0.947350216
0.213948749
1.604286682
-1.466043424
0.299346613
0.277816206
1.576849876
0.215269564
-1.943065549
0.631358132
0.626638869
-0.867469418
1.451085974
1.68939817
-0.708922113
-0.959551172
-1.678739195
1.66309969
-0.307455886
-0.32509637
-0.395349512
1.08584196
-0.744216309
-0.219234272
-0.685876584
0.296647917
-0.054884237
-1.795302222
-0.727296594
1.408056585
0.056176974
-1.894283155
0.97604488
1.567962842
-0.994923588
-0.170556372
0.892179737
-0.695707958
-0.754471044
1.099913707
0.447547337
0.157474039
-1.018490523
-0.705607042
-0.756187877
0.97396868
-0.144418603
0.368966869
-2.102261432
-0.929308666
1.550551224
-0.095012573
-1.374092472
1.060587412
1.254727347
-1.86410543
1.751762679
-0.632934344
-2.910844689
-0.296647917
0.145723003
0.727296594
-0.181043188
-0.188921325
1.298458689
0.271114746
1.529427096
0.28184306
0.54240633
1.517073224
0.453261499
0.392559718
-0.55591374
0.725616097
0.558929123
1.716919832
-0.386989258
0.044545456
1.257568397
0.890259677
0.144418603
0.78572462
0.252414225
-0.291256977
-0.77174113
0.052299035
-1.745807023
0.690783925
0.01742595
2.151827836
0.561949597
2.090641115
0.406539779
1.960404702
-0.392559718
-0.132689784
-0.048421882
-0.526030311
-0.036794555
0.569523349
0.331907899
0.431907773
-0.980209954
0.239110929
0.311518084
-1.332179425
-0.330544371
0.140506868
0.356560016
-0.057469806
-1.751762679
1.432834105
0.780462938
0.89989311
0.364825032
0.181043188
0.171866175
-0.984392102
-0.058762733
0.057469806
-0.528997167
-0.329181457
-0.255080177
-1.049328884
0.82681502
-1.357689258
-0.875015639
-0.029045863
-0.796313846
0.499531875
0.959551172
1.163582608
0.623500436
-0.623500436
-1.254727347
-1.145982808
0.677734153
0.273793852
-0.319658002
-0.097606065
-0.78572462
-1.071982004
1.87149116
2.114172755
-0.089827487
-0.647191945
-0.133992055
0.852523161
-0.65677045
-0.856241779
-0.287219329
1.049328884
-0.917447213
0.433325137
0.828633105
0.12097919
1.13362568
-1.136083236
1.047093097
-1.044862532
0.344207809
1.357689258
-0.725616097
0.360689444
-1.728302034
-1.642859789
-1.842537966
0.669636409
-0.42624695
-1.477480585
0.251081922
0.783968315
-1.069691971
-0.268437584
0.668022133
-1.062855293
-1.213272256
-0.359312288
0.224525927
-0.443271295
-0.367585556
-0.166628708
-0.154860875
0.978125296
-0.808781956
-0.249750065
-0.669636409
0.935288681
0.141810538
0.346948142
1.788872029
-0.703952412
-0.31287329
-2.114172755
-0.235128285
0.628210401
-1.095199022
0.843277756
-0.473379676
1.332179425
-1.517073224
0.997043155
-1.918103906
-2.016293349
-0.327819155
0.88261202
-0.010971559
-0.061348885
-0.87880749
0.043253466
0.848816294
-0.008389946
-0.196811204
-0.509794164
-0.113181434
-0.636091498
-0.850668266
-0.302047491
-1.673480462
-1.143497404
0.118379144
-0.97604488
0.021298915
3.472865646
2.036406256
0.173176273
-0.539418162
-0.97189667
0.534944912
-1.260419634
-0.568005997
-2.165086646
-1.418568973
-1.856820008
0.922373713
0.801642059
0.710582573
1.016324746
-1.960404702
0.799863465
0.581709902
0.803423191
-0.131387737
1.978354095
1.370782261
0.280500271
0.476269214
-1.705755814
0.232475263
0.919415135
-1.301463364
-0.60789913
-0.009680744
-0.618804262
-0.141810538
0.208669197
-1.878980412
1.546270991
-0.300696778
0.684244473
1.042637154
-0.997043155
-0.863714778
-1.114206692
-1.329051129
0.886429368
-1.508964207
-1.581340492
1.097553315
-0.236455415
-0.323735883
-0.787483352
-1.215971233
0.739118208
1.481336252
-0.414965938
1.035991789
0.414965938
1.390873976
-0.227174105
-0.931298304
-0.690783925
1.642859789
-0.184980821
1.469834469
-0.105390554
1.82862216
-1.15599598
-1.310548647
0.466173022
-0.412153973
-1.10703193
0.514208714
-0.337368217
1.493037411
0.074286149
-0.375884062
-0.584770015
1.03378681
-1.088172296
0.249750065
0.132689784
-0.439003343
-0.314229071
0.259082515
1.943065549
0.220556605
-0.957507784
-0.828633105
-0.89989311
-0.333272045
0.745919977
-0.104092708
-0.640839158
-0.57560594
0.370348885
0.483510558
-0.12097919
-0.206031609
-0.368966869
-0.175797363
-0.044545456
-0.770003812
1.266153057
0.066522437
0.877858344
-1.360940666
1.150974969
1.104652969
-1.613706317
-0.734039245
-1.007708897
0.067816098
0.114480569
-1.370782261
0.446121084
-0.992808482
-0.521588681
1.477480585
-0.88261202
2.102261432
0.515682456
0.697353053
-0.99916721
-2.487254514
-1.012007431
1.10703193
-1.757781126
0.03937792
0.0406697
-1.338475433
-1.401133862
-0.382819288
0.931298304
0.069109872
0.207350223
0.334636811
0.796313846
1.062855293
-0.152248768
-0.020007894
-1.189368879
-0.451831578
0.333272045
-0.457556844
1.168677797
0.648784221
0.984392102
0.806993127
-0.018716906
0.814164048
1.608978654
0.297996993
0.661582339
-0.951401463
-1.335320812
-1.934610545
0.752756431
-0.913521989
0.715575758
0.756187877
1.143497404
0.22849879
-0.77348078
1.623271351
1.59041863
0.123580054
1.007708897
-0.115779898
-1.065128655
-0.461860647
-0.032919962
-0.430491277
-0.742514798
-0.65197372
-1.090508556
-0.865590573
0.469052758
0.051006566
-0.682614183
0.275134141
-1.432834105
1.415047454
1.205227873
-0.598609119
-0.256413833
0.321016701
0.40794212
-1.197260736
-0.483510558
0.884519083
-0.921386624
0.492233807
-0.173176273
-0.293951379
1.821794999
-1.257568397
1.111808744
-0.232475263
-0.087235858
0.728979147
0.720586847
0.122279519
0.540911642
-0.373115045
-0.823187022
0.658372719
-0.026463377
1.849631827
0.058762733
-0.066522437
0.029045863
0.933291635
-1.469834469
0.905713456
1.319743413
-1.92629162
0.808781956
0.620368132
0.747625812
-1.128730998
-0.079464416
-0.67287021
0.31016345
-0.617241904
-0.331907899
-1.171236806
-1.111808744
1.632987248
1.022836473
-2.766609054
-0.237782963
-0.275134141
-0.935288681
-0.98229888
-0.093716067
-1.042637154
1.128730998
-0.474823949
-2.138936855
-1.047093097
0.062642114
-0.161395808
-1.074277672
-1.489114347
0.557420798
0.269775923
0.203395454
-2.409762118
-0.208669197
-0.186294
0.457556844
0.571042014
-0.614121696
0.357935813
0.023881066
-1.207900652
0.430491277
-0.937289465
0.524548619
-0.676111062
0.713909386
1.240671612
-2.28792101
0.792774232
0.854380993
0.671252432
-0.126181755
-0.782214425
0.288564688
0.572561996
1.394277643
-1.344824949
0.712244994
-0.502458546
-0.663189707
-1.003428902
1.191991252
-0.257747944
-0.697353053
0.929308666
0.90182983
0.42624695
-1.485214068
-1.668267604
-1.849631827
-0.119679066
0.597065816
1.226856805
-0.143114449
1.15599598
-0.150943105
0.101497541
0.552903403
1.184148526
-0.859972276
1.554860054
-0.340102142
-1.141019044
-0.272454055
1.329051129
1.218679098
0.742514798
0.57560594
1.694800433
0.170556372
-0.446121084
1.005566597
-0.680985705
0.907660399
-0.007099161
0.830453933
1.387486346
0.191549954
1.210582087
-0.978125296
0.600153849
0.047129662
-0.352436659
1.380758446
-0.417781188
-0.798087399
-0.517157318
-2.270587058
-1.87149116
0.000645373
-1.422108172
-0.137900243
1.537794507
0.841437318
1.808389963
0.717244119
0.100200214
1.401133862
1.12386321
0.653570959
-0.38143078
-0.431907773
0.925340386
-0.169246861
-0.433325137
0.102795038
-0.524548619
0.949373892
0.403737491
1.996964475
-0.776967124
-0.444695738
-0.558929123
1.053816267
0.267099725
0.391165967
-0.527513158
0.680985705
-0.621933522
-0.564975207
0.592444406
-0.436162482
-0.167937641
-0.749333826
-2.433998458
-0.062642114
-0.389772976
0.568005997
-0.810573377
0.441847751
-0.661582339
0.075580523
-0.609452556
0.388380741
-0.801642059
-0.453261499
0.642424922
2.25390963
-0.817765246
1.572390836
1.322833259
0.30610295
1.136083236
1.542018899
0.070403763
0.217912323
-0.834103876
-1.022836473
0.730663767
1.076579016
0.233801568
-0.812367403
0.467612405
-0.32645746
-0.413559547
-0.601700013
0.315585429
-1.537794507
-0.122279519
-2.151827836
-1.210582087
-1.266153057
-0.211308237
0.99916721
-1.481336252
0.124880799
0.158781023
0.766536128
-0.31016345
0.272454055
-0.470494084
-1.289514262
0.601700013
0.937289465
1.251896388
0.880708162
-0.945330413
-1.076579016
-0.707263606
0.482060272
1.001295783
-0.63451213
-1.240671612
-0.160088278
-0.574083303
0.564975207
0.450402579
0.702299707
0.834103876
-0.606347168
0.856241779
0.505389527
-0.637672453
0.861842018
0.584770015
0.837764965
0.078169655
-0.012262392
-0.911564646
1.377417808
0.098903057
0.464734604
0.261753043
-0.078169655
-1.251896388
-1.454794882
0.546897692
0.240439317
-0.363445812
0.735730123
1.051569929
0.963650017
1.081198892
-0.986489645
1.894283155
-0.28991057
0.247087677
1.301463364
0.194179907
1.224121803
-0.603247616
-0.416373151
0.778713841
-1.322833259
-0.97396868
-0.456124128
0.894103092
-0.533456209
-0.511264573
-0.520110426
-0.534944912
1.020661088
0.22320243
-0.360689444
0.520110426
-0.650378144
-0.385598524
0.97189667
-1.232354515
-1.397697539
-1.632987248
1.313601236
-1.354452139
-0.437582471
-2.006535209
1.770012696
-0.215269564
-0.586302126
0.456124128
-0.225849818
-1.902103924
0.111882489
1.158517449
-1.116611064
0.586302126
-0.192864763
0.041961548
-0.374499195
0.398142386
-0.264425439
-0.689146302
0.574083303
-0.814164048
0.413559547
-0.477715474
1.325935786
-0.056176974
-0.732350463
-0.884519083
-0.088531599
0.417781188
0.508324857
0.187607501
0.330544371
-0.482060272
0.55591374
-0.321016701
-0.83593302
1.166126419
0.969828824
0.386989258
0.265762345
-0.035502965
0.336002201
0.235128285
-0.366204945
0.695707958
0.436162482
0.337368217
0.284530166
-0.004517626
2.222321503
-0.955468385
-0.118379144
-0.768268815
1.734078124
-0.391165967
0.219234272
2.126391814
0.723937646
1.237889728
0.061348885
0.216590755
-1.684044766
-0.645601308
-0.671252432
-0.450402579
0.371731609
-0.269775923
-0.053591591
-0.858105535
1.711311162
-1.131174952
-0.469052758
-0.013553245
-0.560438721
-1.567962842
-1.102280243
0.322375994
-0.592444406
0.229823877
0.149637699
-1.325935786
-2.365152313
-0.130085913
-0.098903057
-0.233801568
1.088172296
0.110583734
-1.283608158
-1.158517449
-0.869351331
1.647856701
0.663189707
0.165320061
-0.775222774
-0.577129912
-0.620368132
0.764805739
-0.216590755
-0.720586847
0.798087399
-0.949373892
0.200760712
0.787483352
-0.722261233
0.359312288
-1.367487002
1.581340492
-0.783968315
-2.621520023
-0.422010289
-0.939294007
-0.135294554
-0.66479879
0.595523933
-0.110583734
-1.027201828
3.014425389
0.744216309
0.98229888
-0.111882489
-1.425665275
-0.213948749
0.076875025
-2.090641115
-0.764805739
-1.319743413
1.199907988
-0.252414225
-0.204713354
-1.277746494
0.160088278
1.18675466
-0.723937646
0.913521989
1.782514962
0.351063541
0.471936389
-1.451085974
0.873124424
0.378655965
-1.623271351
0.148332548
1.090508556
-0.423421664
-1.060587412
0.722261233
-2.23783649
0.384208535
-0.803423191
0.636091498
0.236455415
-0.463297147
0.577129912
-0.253746976
0.986489645
-0.420599753
0.133992055
0.549898068
-0.508324857
0.373115045
0.490777346
-0.923361701
0.506856646
-0.239110929
-0.90182983
-1.221395928
-1.969300093
1.102280243
0.640839158
-0.766536128
-0.578655226
0.355184893
-3.472865646
-0.349691084
-0.063935447
1.835535632
-1.097553315
0.393954232
0.90961079
0.022589972
-1.801807514
0.204713354
0.707263606
-0.191549954
0.957507784
0.474823949
0.268437584
-0.157474039
0.065228888
1.668267604
-0.00193612
-0.295299379
-1.092850784
1.728302034
0.295299379
-1.249075428
1.462273332
-0.572561996
0.699000036
-0.182355418
-2.068213202
-0.815963324
-0.100200214
-0.345577651
-1.473646758
-1.559197947
-0.479162734
-0.548397263
0.008389946
0.477715474
-0.364825032
0.412153973
0.009680744
1.2865556
-0.824999664
0.448974501
0.939294007
-1.394277643
0.659976679
0.603247616
0.260417547
-1.628110088
-0.031628544
-0.728979147
-1.44739692
-0.761351811
-0.030337178
-1.525283243
-0.406539779
-0.487867542
0.209988534
0.340102142
0.117079422
0.763077637
-0.334636811
-0.512736088
0.048421882
0.865590573
1.197260736
0.994923588
1.18155041
1.705755814
-1.104652969
0.63451213
1.45852391
-1.45852391
-0.780462938
1.271928406
-0.551400113
-0.178419662
-1.13362568
0.598609119
-0.595523933
0.174486668
-0.480610999
-2.831405159
-0.140506868
-0.642424922
-1.138547673
-1.377417808
-0.356560016
0.439003343
1.436446301
-0.0406697
0.517157318
1.56356538
-1.191991252
-0.165320061
1.292484254
-1.224121803
0.859972276
1.031586845
-1.711311162
-2.046779782
1.918103906
1.722583037
-1.978354095
0.198127362
-1.387486346
-0.832277519
1.934610545
0.867469418
-1.56356538
0.990697808
0.782214425
1.038201817
-0.405138237
-0.876909989
-0.837764965
-1.722583037
0.580181887
-0.702299707
0.589370486
0.734039245
0.858105535
1.338475433
-0.880708162
0.131387737
1.116611064
0.61568105
1.26903544
-0.580181887
0.038086206
-0.221879323
1.418568973
0.679359031
0.192864763
1.095199022
2.016293349
-0.072991899
-1.910042795
-0.739118208
-0.194179907
-2.026247348
-1.031586845
2.006535209
-0.419190055
1.202563676
0.018716906
-0.919415135
-2.25390963
0.65677045
0.396745562
-1.056067936
0.888342893
0.794542795
-1.121439273
0.454692348
-0.89795976
-2.459754908
2.057378355
1.673480462
0.318299892
0.606347168
0.645601308
1.114206692
-1.058324972
1.083517506
-0.388380741
0.088531599
-0.271114746
0.461860647
0.612563833
1.757781126
-0.114480569
1.295465692
0.054884237
0.789244523
1.012007431
1.065128655
-1.205227873
-0.24575714
-1.26903544
0.126181755
0.740815435
0.676111062
0.502458546
-0.658372719
-1.280671826
1.364206527
1.795302222
-0.699000036
-0.378655965
1.018490523
-0.890259677
-0.712244994
1.856820008
1.121439273
-1.835535632
0.629783487
0.036794555
0.655169866
0.211308237
-0.292603913
0.405138237
1.069691971
-0.518633307
0.751044029
0.67287021
1.027201828
1.235117391
0.264425439
-0.355184893
1.161046305
1.776229125
-1.788872029
0.139203437
0.737423107
-2.178737365
2.068213202
0.961598576
-2.305970954
0.637672453
1.221395928
0.521588681
0.845121054
0.823187022
-0.82681502
1.44372746
-1.68939817
0.199443864
-0.279157987
1.652895102
0.030337178
-0.123580054
0.104092708
-1.500953217
-0.503923496
0.682614183
1.53359738
0.988591538
-0.846967228
-0.434743372
2.23783649
0.551400113
1.521165417
1.745807023
0.32509637
0.749333826
1.246264372
-0.537925883
1.056067936
-1.271928406
1.678739195
1.003428902
-0.839599726
-0.370348885
0.871236327
-0.506856646
0.834103876
0.410749213
-0.490777346
-0.447547337
0.775222774
-1.770012696
-0.540911642
0.578655226
0.545399349
1.525283243
0.805206876
-0.687510524
-0.136597283
-0.505389527
0.353810442
1.878980412
1.126293768
1.215971233
0.489321926
0.694064745
-1.595007281
-1.035991789
0.437582471
1.213272256
-0.109285165
0.685876584
1.119021908
-1.001295783
0.548397263
0.732350463
0.810573377
2.207323708
0.248418651
0.791008146
-1.554860054
-0.179731271
1.044862532
-1.304479834
-1.384114564
0.480610999
0.072991899
2.516774499
2.516774499
2.516774499
2.516774499
2.516774499
2.516774499
2.516774499
2.516774499
2.516774499
2.516774499
2.516774499
2.516774499
2.516774499
2.516774499
2.516774499
2.516774499
2.516774499
