1.131174952
1.418568973
0.041961548
0.012262392
-0.978125296
1.078886075
-0.182355418
0.420599753
1.215971233
0.21460911
0.723937646
-0.661582339
0.780462938
0.427660869
-1.44372746
0.440425101
-0.131387737
0.454692348
-0.378655965
0.533456209
-1.053816267
0.391165967
0.839599726
1.354452139
1.266153057
0.775222774
-1.081198892
0.183667961
-1.878980412
-0.025172201
0.235128285
-0.352436659
-1.307508221
-0.346948142
0.00322687
0.560438721
-0.57560594
-0.607122966
0.348319285
0.768268815
0.345577651
0.493691312
0.344207809
-0.55591374
0.766536128
-0.288564688
-0.217912323
-0.01742595
-0.530482342
-0.839599726
-0.25441352
-0.869351331
0.498070144
0.564975207
1.114206692
0.100848856
0.984392102
1.623271351
1.338475433
0.357935813
-0.157474039
0.368966869
0.744216309
0.212628308
0.577129912
-0.473379676
0.280500271
0.248418651
-0.563461757
0.423421664
-0.036794555
0.720586847
0.850668266
0.225849818
0.511264573
-0.089827487
-0.623500436
0.154860875
-1.68939817
-0.572561996
0.77348078
0.030337178
-1.462273332
1.751762679
-0.220556605
-0.247087677
-0.450402579
0.621933522
0.100848856
-1.44739692
-1.585863224
1.618470325
-0.963650017
-0.846967228
0.38143078
-0.587835614
-0.980209954
1.128730998
-0.299346613
-0.405138237
-0.161395808
-2.831405159
0.845121054
0.520110426
-0.463297147
1.599629764
0.259082515
-0.351063541
-0.495149867
-1.076579016
-0.700648918
-0.911564646
1.87149116
0.346948142
-0.527513158
-0.065228888
1.34164343
1.344824949
0.776967124
0.943314459
0.477715474
0.277816206
-0.329181457
-1.12386321
-0.143114449
0.725616097
1.508964207
-1.613706317
0.703952412
1.657975815
1.550551224
-1.454794882
0.593983465
1.504946639
0.792774232
0.905713456
0.371731609
0.100848856
-0.244427039
-0.020007894
0.512736088
-0.775222774
-0.992808482
-0.526030311
-1.485214068
0.227836398
0.240439317
1.298458689
-0.695707958
0.492233807
-1.902103924
-0.345577651
-0.967765117
1.184148526
-0.77348078
1.08584196
-0.307455886
-0.410749213
-0.99916721
0.013553245
1.835535632
2.114172755
-0.454692348
0.654370203
0.545399349
0.935288681
0.008389946
1.496983589
-0.467612405
1.554860054
-1.34164343
0.508324857
-0.276474925
-0.145723003
-0.360689444
2.126391814
0.349691084
-2.910844689
1.237889728
-0.07169777
-0.639255005
0.023881066
-1.322833259
-1.058324972
-0.832277519
1.842537966
-0.295299379
-0.764805739
1.485214068
0.100848856
-0.403737491
-0.095012573
0.165320061
0.100848856
0.261753043
-1.13362568
1.116611064
0.027754597
0.208669197
-0.093716067
0.005808389
-0.805206876
0.60789913
0.255080177
0.257747944
-1.205227873
-0.139203437
-0.632934344
-0.344207809
1.411543397
-0.850668266
-0.318299892
0.100848856
1.071982004
-0.080759311
-0.224525927
0.817765246
0.861842018
-1.138547673
-0.745919977
0.434743372
-0.737423107
-0.433325137
-0.302047491
-0.718914479
0.778713841
1.065128655
-0.014844121
0.100848856
0.429075643
-0.823187022
-0.722261233
-0.560438721
-0.744216309
0.473379676
-2.151827836
0.356560016
0.992808482
-0.682614183
0.757906942
0.929308666
0.417781188
0.269775923
-1.652895102
-1.298458689
-1.304479834
0.100848856
0.100848856
-0.386989258
1.060587412
-0.280500271
0.256413833
-1.292484254
0.157474039
1.438259449
0.628210401
1.801807514
-0.536434802
-0.337368217
-0.578655226
0.482060272
-0.735730123
-1.628110088
0.386989258
-0.965705523
0.207350223
-0.451831578
-1.191991252
0.444695738
0.888342893
0.0406697
1.44372746
0.907660399
1.260419634
-1.401133862
-0.789244523
0.939294007
-1.189368879
-0.196811204
-0.416373151
0.798087399
0.978125296
0.100848856
-0.133992055
0.506856646
0.279157987
-0.235128285
-1.2865556
0.433325137
-0.609452556
-0.330544371
-1.03378681
-0.75962825
-1.224121803
-2.25390963
0.362067284
-0.349691084
-0.029045863
-0.533456209
-0.949373892
0.535689708
-0.517157318
0.957507784
-0.126181755
-0.90182983
-0.287219329
-1.065128655
0.100848856
-0.640839158
-0.957507784
0.700648918
-0.580181887
-1.207900652
-0.267099725
-1.581340492
-0.457556844
-0.225849818
-0.590906748
-1.092850784
-0.447547337
-0.100200214
-0.279157987
-0.087235858
-0.165320061
0.100848856
0.666409596
0.385598524
-1.044862532
-1.517073224
0.595523933
1.083517506
-0.115130209
0.191549954
-0.549898068
1.111808744
1.384114564
-1.411543397
-0.528997167
1.886576562
0.181043188
-0.796313846
1.229601015
-1.280671826
0.873124424
-0.200760712
1.477480585
-0.98229888
1.15348184
-0.115130209
0.543902231
-0.314229071
-0.088531599
1.088172296
0.100848856
-1.429240509
0.233801568
0.990697808
-0.955468385
0.100848856
-0.054884237
-0.607122966
0.764805739
0.299346613
-0.814164048
-1.508964207
-0.642424922
0.100848856
-0.22849879
-0.703125819
-2.663902445
0.863714778
0.100848856
-0.557420798
0.521588681
-1.529427096
0.175797363
1.493037411
2.068213202
-0.852523161
0.100848856
0.815963324
-0.61568105
-0.766536128
0.100848856
-1.56356538
-0.905713456
0.480610999
-0.697353053
0.179731271
-1.500953217
0.644012303
-0.929308666
0.03937792
-0.845121054
0.413559547
-1.618470325
-0.233801568
1.051569929
-1.199907988
-0.511264573
1.59041863
1.012007431
0.221879323
1.902103924
0.509794164
1.770012696
0.296647917
-2.068213202
0.647191945
-0.367585556
-1.668267604
1.040416927
0.618804262
-1.246264372
0.100848856
-0.66479879
0.100848856
0.227836398
0.004517626
1.316666115
0.953432953
-0.778713841
0.663189707
-0.319658002
0.100848856
-0.303398756
-0.747625812
1.074277672
-1.277746494
-0.063935447
0.963650017
0.018716906
1.628110088
-0.045837521
1.218679098
-0.082054341
-1.257568397
-0.762214441
0.409345263
1.481336252
-0.725616097
-0.265762345
0.489321926
0.574083303
2.433998458
0.224525927
-0.359312288
0.100848856
1.2865556
1.109417173
-0.444695738
-1.088172296
0.100848856
0.869351331
0.500994674
-0.206031609
-1.370782261
-0.273793852
1.408056585
0.100848856
-0.370348885
0.639255005
0.314229071
0.284530166
-0.626638869
-1.095199022
-1.496983589
-0.060055759
-1.751762679
-0.880708162
0.236455415
1.401133862
-0.067816098
-0.496609476
0.463297147
1.049328884
1.12386321
0.31016345
-0.545399349
-0.174486668
-0.474823949
-0.31016345
0.375884062
-1.266153057
-1.071982004
2.036406256
-0.875015639
0.388380741
0.100848856
-1.26903544
-0.708922113
1.763863925
0.515682456
1.301463364
0.854380993
0.366204945
0.264425439
-1.197260736
0.65197372
0.569523349
1.069691971
-0.829543175
-0.67287021
1.145982808
-0.817765246
0.374499195
-0.269775923
1.527351891
-0.655169866
1.637903563
-0.476269214
-0.25441352
0.211308237
-1.59041863
-2.138936855
1.031586845
-0.543902231
-1.801807514
-1.934610545
0.100848856
-0.770003812
-1.251896388
0.100848856
-1.678739195
0.598609119
1.739912654
0.988591538
-0.921386624
-0.186294
-1.354452139
-0.947350216
-0.021298915
-0.31287329
-0.261753043
-0.460425099
1.364206527
0.295299379
-0.368966869
0.302047491
-0.164011696
-0.395349512
0.373115045
0.100848856
0.437582471
-1.18675466
-0.177108361
-0.508324857
0.272454055
0.177108361
1.018490523
1.702997768
0.97189667
-0.229823877
0.923361701
1.960404702
-1.788872029
1.969300093
-0.427660869
1.332179425
0.794542795
1.377417808
-0.00322687
-0.431907773
0.285874489
-0.256413833
1.210582087
-1.705755814
-0.051006566
-0.219234272
1.119021908
-0.208669197
1.500953217
0.100848856
-2.324805005
-0.374499195
-0.035502965
0.195495386
-0.243097369
1.66309969
-0.01032615
1.163582608
0.490777346
0.100848856
0.297996993
1.176377967
-0.364825032
0.340102142
-0.595523933
-0.925340386
-0.419190055
0.200760712
-0.757906942
0.315585429
0.805206876
0.718914479
0.526030311
0.578655226
1.652895102
-0.167937641
-0.658372719
-1.722583037
0.530482342
0.331907899
1.390873976
-0.422010289
-0.892179737
-1.432834105
0.316942368
-0.676111062
-0.751044029
-0.492233807
-0.192864763
0.405138237
0.965705523
0.97396868
-1.014163726
-0.380043007
0.263089006
0.699000036
1.745807023
-0.420599753
-0.070403763
0.100848856
0.645601308
-0.653570959
-0.24176813
-0.316942368
-0.340102142
-1.554860054
-0.12878431
-0.42624695
0.969828824
0.231149367
-0.509794164
-0.062642114
-0.668022133
1.178960246
0.173176273
-0.440425101
0.517895172
0.00193612
-0.89989311
0.100848856
-0.780462938
-0.007099161
-0.798087399
1.058324972
1.277746494
1.576849876
-0.990697808
2.165086646
-1.235117391
-0.239110929
1.141019044
0.921386624
0.162703613
-0.941302331
-0.466173022
0.837764965
-0.520110426
-0.687510524
-0.935288681
-0.188921325
-0.392559718
0.100848856
-0.469052758
-1.020661088
1.668267604
-1.166126419
-1.283608158
-0.859972276
0.810573377
-0.026463377
2.23783649
-1.360940666
-1.763863925
0.903769939
0.728979147
-1.163582608
0.751044029
-0.377269651
-0.14702765
-0.699000036
-0.727296594
-0.423421664
1.404586809
-0.175797363
-0.953432953
0.414965938
-0.439003343
-0.854380993
-1.348020139
-0.240439317
-1.173803508
0.009680744
-0.396745562
-0.056176974
-0.67448975
0.382819288
-0.531968687
-1.035991789
0.997043155
0.158781023
0.100848856
-1.374092472
0.300696778
-0.959551172
-1.131174952
0.539418162
0.169246861
-0.271114746
0.637672453
-0.293951379
-1.128730998
-0.216590755
0.192864763
0.487867542
1.205227873
0.604796666
-0.173176273
1.191991252
1.029391862
-0.865590573
0.803423191
0.658372719
0.276474925
-0.366204945
-0.712244994
-0.689146302
-0.24575714
-0.794542795
-1.022836473
-0.984392102
0.220556605
0.730663767
0.611007455
0.100848856
-1.415047454
1.121439273
-0.005808389
-0.399539988
-0.812367403
-0.008389946
-0.453261499
-0.597065816
-0.637672453
0.451831578
0.782214425
2.090641115
-0.441847751
0.21460911
1.26903544
0.249750065
-0.018716906
0.359312288
1.517073224
0.171866175
-0.181043188
-1.425665275
-0.742514798
-0.858105535
2.151827836
-0.300696778
0.631358132
1.849631827
-0.629783487
-0.291256977
-0.355184893
0.617241904
-0.022589972
0.100848856
0.859972276
-1.608978654
-0.127482924
-0.863714778
0.812367403
0.654370203
-0.15355469
1.150974969
-1.436446301
0.319658002
0.360689444
-0.89602976
-0.338734863
-1.136083236
2.057378355
1.042637154
1.469834469
-0.417781188
-0.471936389
0.540911642
-0.429075643
1.572390836
-1.126293768
-0.648784221
0.697353053
-0.079464416
-0.65197372
-0.391165967
1.702997768
-0.342838612
1.438259449
1.910042795
1.613706317
-0.331907899
0.712244994
-0.876909989
0.327819155
-1.301463364
0.164011696
-0.321016701
0.915482838
-0.768268815
-0.38143078
0.801642059
3.166133426
0.648784221
1.694800433
0.447547337
-0.571042014
1.092850784
-0.77174113
-0.843277756
0.28991057
-0.969828824
-0.179731271
0.78572462
0.167937641
0.583239276
-0.937289465
0.745919977
0.65677045
-1.007708897
0.89989311
-0.184980821
0.246422354
0.100848856
-0.489321926
0.031628544
0.100848856
0.913521989
-0.221879323
1.351229151
0.659976679
-1.176377967
0.713909386
-0.027754597
-0.32645746
0.196811204
0.460425099
1.894283155
1.429240509
-1.451085974
0.020007894
-0.886429368
0.232475263
0.551400113
-0.22320243
0.100848856
1.978354095
-1.82862216
-0.336002201
-1.66309969
1.025016709
1.943065549
1.221395928
-1.237889728
-1.572390836
1.489114347
-1.031586845
-0.873124424
-0.264425439
-0.191549954
0.022589972
-1.051569929
1.067407535
0.548397263
-0.645601308
0.293951379
1.415047454
-0.663189707
-0.546897692
0.535689708
-0.534944912
0.640839158
0.308809385
-1.525283243
0.402337536
1.684044766
0.89602976
-2.090641115
-0.327819155
1.716919832
0.378655965
-1.332179425
1.104652969
-1.090508556
-1.493037411
0.216590755
-2.583380757
-1.694800433
0.961598576
-0.871236327
-1.344824949
0.546897692
1.03378681
0.396745562
0.253746976
1.053816267
1.53359738
-0.810573377
0.100848856
0.100848856
1.283608158
0.271114746
-1.329051129
-0.304750574
-0.190235475
1.454794882
0.789244523
0.448974501
1.173803508
-0.40093837
0.441847751
-1.325935786
1.951661783
-1.351229151
-0.212628308
0.22320243
-0.259082515
0.495149867
1.143497404
0.100848856
-0.013553245
-0.102795038
0.037440373
-0.539418162
-0.260417547
-0.106688577
-0.518633307
-0.493691312
0.045837521
-0.389772976
-1.377417808
-0.227174105
-1.178960246
-0.047129662
0.217912323
-0.272454055
1.102280243
0.523068077
-1.263281154
-1.978354095
0.392559718
-0.593983465
-0.740815435
1.360940666
2.207323708
-1.295465692
1.595007281
0.572561996
-0.732350463
-0.136597283
1.044862532
-1.45852391
-0.888342893
-0.362067284
0.186294
-1.15599598
-1.24346313
-1.795302222
-0.363445812
0.911564646
-0.066522437
0.856241779
-1.481336252
1.240671612
-0.461860647
-0.110583734
1.126293768
1.878980412
0.470494084
0.100848856
-0.382819288
0.190235475
1.226856805
0.517895172
-0.202077908
-1.226856805
0.458990499
-1.310548647
-1.856820008
-0.069109872
1.567962842
1.673480462
-0.558929123
0.333272045
-0.703125819
0.202077908
1.295465692
1.194621847
-0.140506868
-0.122279519
-1.148475311
0.007099161
-0.89795976
0.799863465
0.858105535
-0.232475263
-0.231149367
0.87880749
1.249075428
-0.277816206
0.752756431
0.187607501
-0.621933522
-2.006535209
1.422108172
0.194179907
0.629783487
-0.482060272
-1.097553315
0.341470057
-0.514208714
-0.717244119
0.524548619
0.380043007
2.192806572
0.304750574
0.741664849
-0.490777346
0.436162482
0.219234272
-1.559197947
-0.577129912
0.100848856
1.464155776
-0.97396868
0.476269214
1.289514262
0.715575758
-1.98757324
1.451085974
-1.074277672
0.291256977
0.63451213
0.100848856
0.100848856
0.834103876
-0.913521989
-0.263089006
-1.657975815
-0.592444406
0.580181887
0.353810442
0.184980821
0.531968687
0.100848856
-1.546270991
0.98229888
0.876909989
-0.650378144
1.166126419
0.894103092
-1.025016709
-0.486414189
-0.058762733
0.032919962
-0.000645373
-0.141810538
-0.104092708
-1.808389963
0.557420798
-0.499531875
0.469052758
-1.716919832
0.650378144
-0.124880799
0.527513158
1.136083236
0.100848856
-0.292603913
-0.414965938
0.268437584
-0.685876584
-0.448974501
-0.614121696
-1.380758446
1.782514962
-0.154860875
1.821794999
0.292603913
1.815051712
0.100848856
-0.78572462
0.832277519
-1.047093097
-1.684044766
-2.23783649
0.601700013
0.821377081
-0.031628544
0.612563833
1.632987248
0.239110929
-0.074286149
-0.284530166
0.625068883
0.01742595
1.546270991
1.335320812
0.549898068
-0.618804262
-0.048421882
0.592444406
-2.057378355
-1.171236806
1.795302222
-0.032919962
1.027201828
-0.30610295
1.322833259
-0.052299035
0.695707958
0.867469418
-1.550551224
1.274832055
1.678739195
2.046779782
-0.484961863
0.044545456
1.608978654
-0.628210401
1.329051129
-0.561949597
-0.209988534
0.287219329
-1.184148526
0.100848856
0.710582573
-0.502458546
1.380758446
-0.137900243
-0.156167323
-1.141019044
0.377269651
0.439003343
-0.551400113
0.828633105
-0.308809385
1.232354515
0.871236327
-0.203395454
-0.178419662
-0.647191945
-0.783968315
0.552903403
-0.215269564
-0.564975207
-0.503923496
-0.997043155
0.886429368
0.100848856
1.397697539
0.986489645
-0.884519083
0.384208535
-0.109285165
1.022836473
0.606347168
1.527351891
0.40794212
0.406539779
-1.599629764
-1.390873976
-0.119679066
-0.806993127
-0.213948749
-0.148332548
-1.319743413
-0.096309238
-1.404586809
-0.611007455
-0.01032615
0.727296594
-0.612563833
0.581709902
0.100848856
1.24346313
0.100848856
0.735730123
-0.211308237
-2.386863679
-1.387486346
1.197260736
0.273793852
0.486414189
-0.837764965
1.464155776
-1.042637154
-1.111808744
0.685876584
1.095199022
-1.027201828
0.31287329
-0.057469806
0.026463377
-0.939294007
0.311518084
1.171236806
1.92629162
0.338734863
-1.821794999
-2.711689341
0.267099725
1.647856701
-1.254727347
-0.097606065
0.260417547
-0.710582573
-0.470494084
-0.552903403
-0.574083303
0.251081922
-1.056067936
-1.595007281
0.037440373
1.097553315
0.456124128
-0.829543175
-0.105390554
2.305970954
-1.213272256
0.100848856
-0.149637699
-0.88261202
-0.160088278
1.313601236
-1.108223763
0.571042014
-0.183667961
-0.412153973
1.271928406
0.925340386
0.334636811
-1.364206527
0.642424922
-1.918103906
1.016324746
-0.085940265
-0.091123527
-0.477715474
0.563461757
-0.540911642
-0.931298304
0.848816294
-0.402337536
0.198127362
-0.994923588
-1.728302034
0.586302126
-0.487867542
-0.252414225
-0.043253466
1.934610545
-0.82681502
-0.705607042
0.283186358
0.199443864
-0.123580054
-1.623271351
-1.477480585
-0.87880749
-3.014425389
-0.373115045
0.55591374
-1.102280243
-0.198127362
-2.102261432
-0.945330413
-0.677734153
0.100848856
-0.566489951
-0.498070144
-1.770012696
-0.589370486
-2.34450171
-0.016135022
0.100848856
-0.199443864
-0.679359031
0.852523161
-1.313601236
0.166628708
1.009855831
-1.005566597
0.467612405
0.933291635
-0.194179907
1.047093097
1.254727347
0.352436659
0.461860647
-0.752756431
0.32645746
2.016293349
1.292484254
-0.861842018
-0.603247616
1.711311162
-1.910042795
-1.567962842
1.45852391
-1.86410543
0.568005997
0.229823877
0.206031609
0.514208714
1.10703193
0.708922113
0.496609476
-2.114172755
1.18675466
2.079296428
0.24176813
-1.040416927
1.235117391
0.474823949
-0.135294554
0.351063541
0.561949597
-1.121439273
0.951401463
1.304479834
1.003428902
1.035991789
0.28184306
0.100848856
-0.890259677
1.432834105
-1.158517449
0.204713354
0.42624695
0.100848856
0.679359031
0.734039245
2.28792101
-0.756187877
-1.894283155
-2.165086646
-0.072991899
-0.251081922
0.90182983
0.77174113
1.56356538
-0.903769939
-1.271928406
-1.642859789
0.841437318
2.006535209
-0.933291635
-0.631358132
1.161046305
0.584770015
0.732350463
0.275134141
-0.659976679
-2.026247348
-1.951661783
1.090508556
-1.969300093
0.865590573
-0.83593302
0.67287021
0.422010289
1.020661088
2.324805005
-0.97604488
0.661582339
0.690783925
0.737423107
1.319743413
-1.418568973
0.947350216
1.001295783
-1.757781126
-0.581709902
-0.150943105
-1.335320812
1.537794507
-0.237782963
-0.951401463
-0.480610999
-0.961598576
-0.824999664
0.756187877
-0.600153849
0.955468385
-0.169246861
-0.092419719
0.355184893
-1.009855831
0.329181457
0.100848856
0.692423404
0.917447213
-1.776229125
-1.060587412
-2.28792101
-0.734039245
0.89795976
-0.285874489
0.237782963
-1.215971233
1.310548647
-0.385598524
-0.049714182
-0.604796666
-0.075580523
-0.171866175
-1.943065549
-1.003428902
0.389772976
1.038201817
0.945330413
2.102261432
0.100848856
0.808781956
-1.521165417
0.680985705
0.100848856
-0.061348885
0.398142386
1.734078124
0.100848856
-0.315585429
0.967765117
0.88261202
-0.803423191
1.996964475
0.875015639
-0.841437318
1.199907988
-0.479162734
0.949373892
0.668022133
0.035502965
0.682614183
-2.365152313
-0.03937792
-0.671252432
2.409762118
0.450402579
0.754471044
0.927322701
0.787483352
-1.15348184
-1.357689258
-0.569523349
-0.356560016
1.081198892
0.814164048
-0.030337178
-1.886576562
-0.130085913
-1.996964475
1.257568397
-1.504946639
0.100848856
0.025172201
0.636091498
0.182355418
-1.782514962
1.213272256
-1.260419634
-2.487254514
1.246264372
-0.923361701
2.222321503
0.824999664
-0.446121084
0.100848856
0.337368217
-0.413559547
-0.63451213
-0.500994674
-1.513006279
0.431907773
0.689146302
0.846967228
0.100848856
-0.483510558
-1.018490523
1.98757324
0.890259677
-3.166133426
2.270587058
0.484961863
-2.222321503
-1.632987248
-0.044545456
0.265762345
-0.792774232
-1.108223763
-1.119021908
0.029045863
-1.289514262
-0.523068077
1.007708897
-0.430491277
0.446121084
-0.283186358
0.246422354
-1.576849876
-0.943314459
0.100848856
-0.409345263
1.202563676
0.322375994
-1.210582087
0.502458546
-0.023881066
0.99916721
0.479162734
-1.711311162
-1.849631827
1.15599598
1.056067936
-0.384208535
0.453261499
-0.375884062
-2.126391814
1.207900652
1.325935786
0.980209954
0.770003812
-0.435452817
-0.118379144
0.959551172
0.669636409
-1.466043424
0.687510524
0.342838612
-0.10798678
0.243097369
0.483510558
2.910844689
-1.367487002
0.100848856
1.757781126
1.189368879
0.100848856
1.374092472
-0.907660399
-0.620368132
-0.537925883
-0.195495386
-0.799863465
0.941302331
-0.787483352
-0.158781023
1.099913707
1.542018899
1.776229125
-0.834103876
-0.323735883
0.363445812
1.076579016
-0.548397263
-0.166628708
0.614121696
-2.766609054
-0.424833883
-0.40794212
-0.554407943
-1.016324746
-0.97189667
-0.730663767
0.043253466
0.676111062
0.61568105
0.554407943
0.931298304
1.44739692
-0.248418651
-0.456124128
0.783968315
0.100848856
-0.715575758
-2.016293349
0.367585556
-1.316666115
0.443271295
0.919415135
-0.684244473
-0.388380741
-1.218679098
-0.004517626
0.424833883
0.763077637
-1.397697539
-0.078169655
-0.568005997
0.590906748
0.694064745
0.937289465
1.158517449
-0.152248768
0.505389527
-1.384114564
-0.204713354
-0.393954232
-0.666409596
1.18155041
-0.32509637
0.161395808
1.86410543
-0.236455415
-0.357935813
0.047129662
-0.187607501
0.528997167
0.597065816
1.370782261
1.473646758
0.188921325
-0.249750065
0.83593302
-1.394277643
-0.117079422
0.100848856
-0.435452817
-0.680985705
-1.842537966
-1.18155041
-0.919415135
1.348020139
0.100848856
0.741664849
-0.917447213
1.559197947
-0.132689784
1.808389963
1.005566597
-0.776967124
1.280671826
0.707263606
-0.690783925
-0.808781956
-0.162703613
0.303398756
-0.586302126
-0.341470057
0.806993127
2.34450171
0.30610295
0.40093837
-0.694064745
0.244427039
-0.296647917
0.558929123
1.521165417
-0.821377081
-0.311518084
-0.848816294
-0.90961079
-1.637903563
-1.143497404
0.97604488
-0.782214425
0.830453933
-0.915482838
-1.542018899
-1.001295783
-0.986489645
0.466173022
-0.713909386
-1.440077337
0.010971559
-0.584770015
-0.437582471
1.307508221
0.412153973
0.587835614
-0.54240633
-0.856241779
0.537925883
0.684244473
-0.505389527
0.160088278
0.843277756
0.600153849
-0.583239276
-1.734078124
-0.041961548
-0.111882489
-1.960404702
0.393954232
0.623500436
0.410749213
-1.221395928
-2.178737365
-0.348319285
0.399539988
-1.049328884
2.583380757
0.54240633
0.307455886
2.25390963
0.323735883
2.386863679
0.90961079
-1.069691971
-0.443271295
1.148475311
0.318299892
-1.194621847
2.178737365
0.75962825
1.68939817
0.100848856
-0.512736088
0.336002201
2.138936855
1.263281154
-0.268437584
1.367487002
0.330544371
-2.192806572
1.13362568
-1.274832055
0.100848856
1.062855293
-1.240671612
0.156167323
-0.819569828
0.100848856
-0.739118208
-0.894103092
1.357689258
1.918103906
-0.815963324
-0.720586847
0.702299707
0.880708162
-0.762214441
-0.515682456
0.100848856
1.224121803
-1.537794507
-0.506856646
0.178419662
0.796313846
-0.521588681
-1.161046305
0.747625812
-2.305970954
-0.524548619
-0.322375994
-2.046779782
-0.867469418
-1.229601015
1.728302034
-0.275134141
1.788872029
0.566489951
0.791008146
0.100848856
-0.644012303
-1.116611064
-0.371731609
0.034211435
-2.433998458
1.513006279
1.82862216
-1.067407535
0.321016701
1.583597809
1.642859789
-0.749333826
-1.232354515
-0.101497541
1.251896388
0.209988534
0.677734153
0.364825032
0.471936389
-1.038201817
0.100848856
0.499531875
1.583597809
0.395349512
-0.669636409
-0.098903057
-1.647856701
-0.170556372
0.100848856
0.749333826
-0.28184306
-1.673480462
-0.333272045
0.419190055
-0.791008146
-2.516774499
1.014163726
0.632934344
0.819569828
-1.150974969
1.394277643
0.620368132
-1.815051712
-0.053591591
-0.034211435
-0.723937646
1.387486346
-1.489114347
-1.53359738
0.82681502
1.425665275
0.739118208
-0.334636811
-0.458990499
-0.598609119
-1.604286682
-0.353810442
1.168677797
-1.473646758
0.717244119
-0.28991057
0.57560594
-1.114206692
-0.398142386
-1.062855293
-0.65677045
0.100848856
0.823187022
0.626638869
-0.257747944
0.288564688
-0.076875025
-0.113181434
0.100848856
-0.207350223
1.604286682
-0.144418603
2.365152313
0.170556372
0.994923588
-0.617241904
0.403737491
-1.012007431
-0.927322701
0.370348885
-1.87149116
-2.270587058
-1.408056585
-1.202563676
-0.464734604
-0.601700013
1.856820008
-1.104652969
-0.754471044
0.892179737
0.503923496
-0.625068883
-1.099913707
0.32509637
0.252414225
-0.012262392
-1.145982808
0.000645373
-0.083349508
-1.745807023
1.722583037
0.100848856
0.761351811
-2.409762118
-0.0406697
-0.636091498
-0.988591538
-0.728979147
-1.078886075
-0.00193612
-1.029391862
0.430491277
-1.469834469
0.589370486
0.174486668
-0.801642059
0.464734604
-1.08584196
-1.92629162
-2.459754908
2.026247348
-0.297996993
-0.038086206
0.021298915
-2.036406256
-0.12097919
-0.707263606
0.705607042
-1.249075428
0.203395454
0.884519083
-1.700252616
0.66479879
0.416373151
0.722261233
-0.406539779
-1.083517506
0.457556844
0.67448975
-0.084644815
1.138547673
0.609452556
-0.692423404
0.671252432
0.100848856
0.014844121
-1.739912654
-1.338475433
0.603247616
0.016135022
-1.168677797
-1.422108172
2.663902445
-2.207323708
2.621520023
-2.548665571
-1.835535632
2.548665571
-2.079296428
-2.621520023
3.472865646
-3.472865646
2.766609054
2.766609054
2.516774499
2.47327095
2.47327095
2.766609054
3.014425389
