0.010971559
-0.243097369
-0.188921325
-0.029045863
-0.695707958
1.694800433
0.65677045
-1.114206692
-0.614121696
0.461860647
-0.824999664
-0.792774232
-0.796313846
0.252414225
-1.229601015
-0.40093837
0.195495386
0.308809385
0.219234272
-0.626638869
-0.051006566
-0.333272045
-0.360689444
0.859972276
-0.561949597
1.283608158
0.373115045
-0.225849818
-0.157474039
-0.75962825
-0.113181434
0.072991899
-0.076875025
0.574083303
0.787483352
-0.303398756
0.536434802
-0.669636409
-0.560438721
-0.292603913
-0.453261499
-1.197260736
0.766536128
-0.814164048
-0.778713841
-0.801642059
-0.514208714
-0.239110929
-0.416373151
-0.806993127
-0.628210401
-0.713909386
-0.196811204
-0.10798678
0.789244523
0.000645373
0.618804262
-1.102280243
-0.783968315
-0.511264573
-0.060055759
-1.44372746
-0.526030311
0.717244119
0.768268815
0.63451213
-0.821377081
0.173176273
1.559197947
0.589370486
0.175797363
0.192864763
0.385598524
0.102795038
-0.648784221
-0.828633105
0.487867542
-0.671252432
-0.195495386
-0.725616097
0.085940265
0.732350463
0.118379144
-0.655169866
0.022589972
-0.456124128
-0.817765246
0.687510524
-0.063935447
0.148332548
0.57560594
-0.256413833
0.239110929
-0.837764965
0.336002201
0.311518084
0.232475263
0.070403763
0.199443864
-1.384114564
-0.597065816
-0.198127362
0.091123527
0.249750065
-0.01742595
-0.297996993
-0.321016701
-0.808781956
-0.685876584
-0.65677045
-0.789244523
0.398142386
-0.823187022
0.477715474
-0.111882489
-0.742514798
-0.038086206
-0.041961548
1.274832055
-0.500994674
0.875015639
-0.414965938
0.131387737
0.929308666
-0.156167323
1.329051129
-0.747625812
0.217912323
1.074277672
0.441847751
0.105390554
-0.524548619
0.412153973
-0.293951379
0.852523161
0.479162734
0.737423107
-0.244427039
0.409345263
-0.248418651
-0.139203437
-0.834103876
0.047129662
0.021298915
-0.477715474
-0.42624695
0.697353053
0.020007894
0.923361701
-0.620368132
0.304750574
0.978125296
-0.284530166
1.581340492
0.77348078
1.608978654
0.283186358
-0.12878431
-0.018716906
1.042637154
-0.084644815
0.28184306
-0.211308237
-0.623500436
-0.22320243
1.240671612
0.590906748
0.448974501
0.331907899
-0.503923496
-0.735730123
-0.233801568
0.629783487
1.150974969
0.580181887
-0.577129912
-1.554860054
0.268437584
0.393954232
-0.495149867
0.041961548
0.023881066
-1.078886075
-0.208669197
-0.174486668
-0.220556605
0.744216309
0.169246861
1.049328884
-0.409345263
0.004517626
-0.28991057
0.22849879
-0.578655226
-0.730663767
0.75962825
1.13362568
-0.184980821
0.265762345
0.209988534
-0.734039245
-0.263089006
0.382819288
-0.699000036
-0.022589972
0.179731271
0.196811204
-0.287219329
0.735730123
-0.396745562
0.355184893
-0.77174113
-0.540911642
1.235117391
-0.206031609
0.370348885
-0.132689784
0.31287329
-1.338475433
-0.323735883
-0.580181887
0.353810442
0.135294554
0.386989258
0.164011696
0.832277519
1.59041863
-0.348319285
0.043253466
-0.269775923
0.639255005
-0.502458546
-0.718914479
0.117079422
0.115779898
0.342838612
0.742514798
0.410749213
0.871236327
1.035991789
1.618470325
0.571042014
-0.437582471
-0.065228888
0.527513158
-0.171866175
0.093716067
-0.639255005
0.157474039
0.352436659
1.029391862
-0.430491277
0.044545456
-0.461860647
-0.279157987
0.406539779
0.362067284
0.31016345
-0.043253466
-0.212628308
-0.169246861
0.677734153
-0.217912323
-3.166133426
-0.395349512
-0.474823949
-0.621933522
-0.187607501
0.450402579
1.304479834
0.263089006
0.272454055
0.921386624
0.839599726
0.368966869
0.492233807
0.83593302
-0.318299892
-1.711311162
0.150943105
0.669636409
0.867469418
-0.406539779
-0.338734863
-0.700648918
0.545399349
0.470494084
-1.684044766
0.144418603
0.069109872
-0.520110426
0.919415135
1.496983589
-0.640839158
-0.199443864
0.692423404
-0.60789913
0.292603913
-0.062642114
1.003428902
-0.815963324
-0.131387737
-0.803423191
-0.574083303
-1.03378681
-0.534944912
0.611007455
0.062642114
-0.618804262
0.375884062
-0.261753043
-1.263281154
-0.642424922
-0.329181457
-1.364206527
-0.832277519
-0.359312288
0.625068883
-0.77348078
0.016135022
-0.647191945
-0.571042014
0.087235858
-0.031628544
-0.521588681
-1.121439273
0.595523933
-0.300696778
-0.352436659
-0.137900243
-0.658372719
-1.34164343
-0.659976679
0.207350223
0.523068077
-0.470494084
0.24575714
-0.464734604
-0.819569828
0.431907773
-0.690783925
-0.412153973
-0.255080177
1.038201817
0.273793852
1.215971233
1.116611064
1.652895102
-0.581709902
0.160088278
-0.589370486
0.423421664
1.194621847
-0.631358132
-0.247087677
-0.021298915
1.092850784
-0.353810442
-0.508324857
1.310548647
0.200760712
1.397697539
0.931298304
0.911564646
-0.440425101
-0.299346613
-0.098903057
-0.557420798
0.098903057
-0.032919962
-0.67448975
-0.403737491
-0.805206876
-0.67287021
-0.007099161
0.257747944
1.351229151
-0.334636811
-0.283186358
0.60789913
0.388380741
0.848816294
0.03937792
-0.566489951
-0.093716067
-0.158781023
0.540911642
-0.702299707
-0.471936389
0.045837521
0.823187022
0.057469806
-0.366204945
1.418568973
-0.40794212
-0.049714182
-0.385598524
1.485214068
-0.757906942
-0.420599753
1.104652969
1.088172296
-0.181043188
0.036794555
0.054884237
0.961598576
0.013553245
-0.237782963
-0.603247616
0.327819155
0.260417547
0.198127362
-0.221879323
0.801642059
-0.096309238
1.090508556
-0.232475263
-1.246264372
-0.830453933
1.163582608
1.202563676
-0.467612405
0.012262392
-0.224525927
-0.259082515
0.233801568
0.052299035
0.969828824
-0.689146302
0.031628544
-0.754471044
-0.572561996
0.113181434
-0.632934344
0.841437318
0.457556844
-0.367585556
1.081198892
-0.593983465
-0.427660869
-0.770003812
-0.708922113
-0.937289465
1.2865556
-0.413559547
-0.682614183
-0.009680744
0.285874489
-0.035502965
1.121439273
0.203395454
-0.551400113
0.341470057
-0.054884237
-0.517157318
-0.165320061
-0.026463377
0.55591374
0.145723003
-0.402337536
-0.548397263
0.096309238
0.204713354
0.097606065
0.280500271
-0.423421664
-0.766536128
-0.458990499
-0.609452556
0.264425439
-1.469834469
0.056176974
0.676111062
1.292484254
-0.30610295
1.254727347
-0.202077908
0.778713841
0.680985705
0.506856646
-0.083349508
0.653570959
0.666409596
-0.684244473
0.181043188
-0.447547337
1.014163726
0.577129912
-0.288564688
0.502458546
-0.114480569
0.058762733
0.524548619
0.014844121
1.266153057
1.065128655
-0.712244994
0.951401463
-0.715575758
-0.296647917
1.763863925
-0.072991899
0.240439317
0.293951379
0.137900243
0.24176813
0.469052758
0.98229888
0.498070144
-0.563461757
0.0406697
-0.213948749
0.206031609
0.048421882
0.051006566
1.902103924
-0.604796666
-0.457556844
-0.446121084
-0.661582339
0.815963324
-0.374499195
0.084644815
0.165320061
-0.410749213
-0.340102142
0.430491277
-0.763077637
1.136083236
-0.707263606
0.628210401
-0.31287329
0.40093837
-0.236455415
0.170556372
-0.005808389
0.558929123
-0.798087399
0.963650017
-1.251896388
0.467612405
-0.82681502
-0.186294
0.236455415
0.548397263
-0.780462938
0.063935447
0.026463377
0.237782963
1.477480585
-1.943065549
0.284530166
1.338475433
1.401133862
-0.371731609
0.90182983
-0.235128285
-0.645601308
0.303398756
-0.115779898
1.384114564
0.035502965
-0.737423107
0.620368132
-0.020007894
1.229601015
-0.663189707
0.12097919
0.490777346
1.040416927
-0.740815435
0.460425099
-0.057469806
-0.014844121
0.671252432
0.315585429
-0.322375994
0.109285165
-0.595523933
-0.650378144
-0.265762345
0.992808482
-0.275134141
-0.03937792
1.44372746
-0.082054341
0.655169866
0.61568105
-0.433325137
0.316942368
-0.694064745
-0.117079422
-0.583239276
-0.598609119
1.82862216
-0.364825032
1.68939817
0.348319285
1.10703193
-0.110583734
0.775222774
-0.83593302
-1.143497404
-0.363445812
-0.067816098
-0.047129662
-0.373115045
0.420599753
-0.552903403
0.149637699
0.287219329
0.243097369
0.593983465
0.008389946
-0.732350463
0.907660399
0.136597283
-0.32509637
-0.389772976
-0.764805739
-0.812367403
0.318299892
0.202077908
0.604796666
0.100200214
-0.216590755
0.636091498
-0.668022133
0.190235475
0.685876584
0.267099725
0.248418651
-0.810573377
0.349691084
-0.489321926
-0.00322687
-0.356560016
0.279157987
-1.316666115
-0.424833883
0.213948749
0.256413833
-0.257747944
0.508324857
-0.122279519
0.143114449
0.845121054
-0.728979147
-0.327819155
-0.344207809
-0.515682456
-0.679359031
-0.531968687
-0.008389946
-0.231149367
-0.119679066
0.528997167
0.581709902
0.424833883
0.451831578
0.221879323
0.568005997
-0.052299035
-0.66479879
-0.587835614
-0.145723003
0.255080177
0.106688577
0.029045863
-0.330544371
0.486414189
1.481336252
-0.506856646
0.503923496
-0.78572462
-0.717244119
0.723937646
0.850668266
-0.509794164
0.104092708
-0.24176813
-1.10703193
-0.260417547
0.783968315
0.253746976
1.218679098
-0.252414225
-0.07169777
-0.183667961
0.187607501
-0.482060272
-0.302047491
0.110583734
-0.744216309
1.257568397
-0.104092708
-0.431907773
-0.484961863
1.301463364
-0.101497541
-0.308809385
-0.756187877
-0.307455886
0.034211435
-0.346948142
-0.775222774
-0.074286149
-0.705607042
0.208669197
-0.782214425
0.563461757
0.82681502
-0.723937646
0.710582573
0.429075643
0.127482924
1.722583037
0.808781956
0.123580054
0.28991057
-1.12386321
1.432834105
-1.158517449
0.856241779
-0.179731271
0.38143078
0.414965938
-1.728302034
0.174486668
-1.141019044
-0.175797363
-0.144418603
0.819569828
-0.203395454
0.534944912
0.715575758
-0.590906748
0.124880799
0.413559547
0.554407943
-0.087235858
-0.311518084
0.377269651
0.483510558
0.291256977
-0.543902231
-0.391165967
-0.490777346
1.12386321
0.456124128
0.182355418
1.173803508
0.650378144
-0.219234272
0.514208714
0.586302126
0.933291635
0.053591591
-0.127482924
0.216590755
-0.380043007
0.584770015
0.454692348
0.183667961
0.334636811
-0.351063541
0.658372719
0.474823949
-0.392559718
-2.046779782
-0.417781188
-0.215269564
-0.102795038
-0.794542795
0.032919962
-0.316942368
-0.249750065
0.99916721
0.275134141
0.546897692
0.592444406
0.038086206
0.526030311
-0.600153849
-0.749333826
-0.167937641
-0.148332548
1.390873976
-0.539418162
-0.463297147
0.444695738
0.702299707
0.511264573
-0.190235475
1.143497404
0.739118208
-0.000645373
-0.141810538
0.114480569
-0.727296594
-0.061348885
-0.687510524
-0.253746976
1.307508221
0.276474925
0.261753043
0.471936389
0.434743372
-0.337368217
-0.710582573
-0.919415135
-0.078169655
0.89989311
0.277816206
0.346948142
-3.014425389
0.184980821
1.628110088
0.22320243
0.476269214
1.489114347
-0.393954232
-0.28184306
0.141810538
0.601700013
0.194179907
-0.349691084
-0.095012573
-0.666409596
-0.405138237
-0.377269651
-0.439003343
-0.085940265
-0.240439317
0.749333826
-0.136597283
-0.273793852
0.027754597
-0.276474925
0.484961863
1.344824949
0.122279519
-0.479162734
-0.441847751
1.815051712
-0.12097919
-0.722261233
0.725616097
0.139203437
-0.54240633
-0.86840999
1.062855293
0.439003343
0.319658002
0.395349512
-0.703952412
0.560438721
0.351063541
0.925340386
0.679359031
-0.536434802
0.111882489
1.128730998
1.335320812
0.00322687
1.031586845
0.463297147
-0.86840999
-0.378655965
-0.676111062
-0.86840999
-0.036794555
-0.143114449
-0.537925883
0.598609119
1.176377967
-0.564975207
-0.069109872
0.493691312
1.027201828
0.07169777
-0.370348885
0.509794164
1.060587412
-0.166628708
0.770003812
0.225849818
-0.126181755
0.092419719
1.411543397
-0.63451213
1.711311162
0.890259677
0.858105535
0.364825032
1.271928406
0.367585556
-0.606347168
-0.528997167
-0.375884062
-0.483510558
0.496609476
0.167937641
-0.480610999
0.612563833
1.189368879
0.119679066
-0.558929123
1.521165417
1.191991252
-0.499531875
-0.135294554
-1.513006279
-1.66309969
0.186294
-0.341470057
-0.451831578
-0.22849879
0.846967228
0.299346613
0.453261499
-0.164011696
0.049714182
0.78572462
-0.476269214
0.171866175
0.374499195
0.321016701
0.340102142
0.215269564
0.645601308
0.631358132
-0.291256977
1.380758446
-0.492233807
-0.013553245
0.271114746
0.078169655
2.068213202
-0.611007455
-0.154860875
0.025172201
-1.546270991
-0.123580054
-0.271114746
-2.016293349
2.138936855
0.322375994
1.280671826
1.529427096
0.229823877
1.232354515
-0.200760712
-0.32645746
-0.549898068
-0.469052758
-0.752756431
-0.010971559
0.227174105
-0.569523349
-0.182355418
1.126293768
0.363445812
-1.776229125
0.495149867
0.191549954
0.00193612
0.54240633
-0.192864763
0.632934344
-0.527513158
-2.34450171
1.454794882
0.537925883
1.878980412
-0.697353053
0.888342893
1.071982004
1.056067936
1.210582087
0.177108361
0.307455886
0.806993127
0.314229071
0.378655965
-0.554407943
-0.768268815
-0.004517626
-0.319658002
-0.331907899
-0.761351811
-0.173176273
0.828633105
0.126181755
-0.637672453
-0.109285165
1.119021908
1.44739692
0.97396868
0.814164048
0.402337536
-0.345577651
-0.160088278
-0.65197372
-0.38143078
1.801807514
-1.739912654
-0.14702765
-0.053591591
-0.450402579
-0.133992055
0.939294007
1.158517449
0.747625812
0.447547337
2.324805005
1.168677797
-0.791008146
0.572561996
1.554860054
-1.716919832
0.745919977
0.443271295
-0.045837521
1.357689258
-1.92629162
-0.315585429
-0.056176974
-0.091123527
-0.207350223
0.648784221
0.436162482
-1.191991252
-0.170556372
-0.048421882
-0.088531599
1.66309969
1.001295783
0.082054341
1.525283243
0.734039245
-0.386989258
1.367487002
0.837764965
0.730663767
-1.763863925
0.360689444
1.197260736
-0.209988534
-0.601700013
0.231149367
-0.444695738
1.613706317
-0.751044029
-0.357935813
0.005808389
-1.429240509
-1.894283155
0.552903403
1.24346313
-1.98757324
-0.355184893
0.796313846
-0.362067284
0.405138237
0.640839158
0.953432953
1.364206527
0.489321926
-0.518633307
0.776967124
-0.227174105
-0.066522437
-0.152248768
-2.165086646
0.980209954
0.661582339
0.433325137
-0.161395808
1.821794999
-1.788872029
1.462273332
-1.68939817
-0.058762733
-1.194621847
-0.545399349
-1.996964475
0.712244994
1.377417808
0.894103092
-0.272454055
0.505389527
0.458990499
0.15355469
0.366204945
1.016324746
-1.081198892
1.637903563
-0.382819288
1.705755814
0.764805739
0.079464416
-0.023881066
-0.368966869
-0.419190055
0.371731609
-1.902103924
0.337368217
-0.204713354
0.251081922
0.140506868
0.990697808
-0.629783487
0.473379676
-1.668267604
-0.692423404
-0.799863465
0.810573377
-1.821794999
0.905713456
0.333272045
-1.878980412
0.437582471
-1.271928406
1.249075428
-1.237889728
-0.917447213
-1.473646758
1.951661783
0.075580523
-0.149637699
0.869351331
-1.322833259
-0.0406697
0.517157318
0.644012303
-0.422010289
0.834103876
1.408056585
-0.194179907
0.880708162
1.728302034
0.564975207
0.89795976
0.884519083
1.099913707
0.515682456
1.047093097
1.15348184
0.578655226
1.289514262
1.404586809
1.260419634
2.222321503
-0.398142386
0.917447213
1.387486346
0.97604488
-1.016324746
-0.434743372
-0.178419662
1.546270991
1.005566597
0.007099161
0.994923588
-0.745919977
0.32509637
0.329181457
-1.886576562
-1.040416927
1.56356538
0.132689784
-0.530482342
-0.436162482
0.356560016
-0.612563833
1.770012696
-1.397697539
-0.030337178
-1.119021908
-0.105390554
1.058324972
1.226856805
0.67448975
0.955468385
0.060055759
1.325935786
-1.178960246
1.237889728
-1.283608158
0.97189667
0.089827487
1.213272256
-1.432834105
0.543902231
-0.990697808
0.065228888
0.133992055
1.623271351
0.14702765
-0.617241904
2.114172755
1.87149116
-0.31016345
0.566489951
2.126391814
-0.498070144
-0.016135022
-0.677734153
0.621933522
0.682614183
0.791008146
-1.401133862
-0.720586847
2.102261432
0.761351811
0.482060272
0.695707958
0.915482838
-1.751762679
0.417781188
1.18675466
0.083349508
-1.367487002
0.647191945
-2.25390963
0.416373151
1.668267604
0.863714778
0.464734604
0.694064745
-0.945330413
0.642424922
0.178419662
1.632987248
0.935288681
1.08584196
-1.815051712
-0.86840999
1.595007281
0.690783925
-1.82862216
0.623500436
1.141019044
-1.960404702
0.480610999
0.396745562
0.67287021
1.131174952
1.943065549
0.380043007
0.297996993
-0.787483352
0.728979147
0.603247616
1.776229125
1.422108172
1.370782261
-1.808389963
1.734078124
-1.332179425
-0.150943105
1.739912654
1.221395928
0.345577651
-0.118379144
-1.390873976
1.097553315
1.910042795
-0.460425099
-1.700252616
-0.466173022
-0.295299379
-2.28792101
1.53359738
0.617241904
0.763077637
1.18155041
0.597065816
1.251896388
-1.599629764
-1.380758446
-0.653570959
0.549898068
-0.55591374
2.34450171
-1.425665275
2.026247348
-0.568005997
0.861842018
0.986489645
0.403737491
0.792774232
1.148475311
1.517073224
0.220556605
0.817765246
2.305970954
1.567962842
1.114206692
0.224525927
-1.215971233
-1.481336252
-0.429075643
1.808389963
0.427660869
0.614121696
-0.487867542
-0.15355469
1.332179425
-1.354452139
2.25390963
-1.451085974
1.083517506
-0.280500271
1.184148526
0.830453933
0.323735883
1.700252616
1.051569929
-1.029391862
-1.595007281
-0.089827487
-0.399539988
0.803423191
-0.080759311
1.934610545
1.022836473
-1.136083236
0.161395808
-0.100200214
-0.075580523
1.095199022
0.722261233
1.886576562
1.576849876
-2.138936855
0.959551172
1.178960246
1.012007431
0.805206876
-0.523068077
-0.267099725
-1.835535632
0.984392102
0.892179737
-0.448974501
0.156167323
0.949373892
-1.335320812
-0.304750574
0.247087677
-0.454692348
0.330544371
0.865590573
-0.905713456
-0.644012303
-0.070403763
1.572390836
1.171236806
0.446121084
-0.24575714
-2.365152313
1.795302222
1.263281154
-0.533456209
-1.585863224
1.856820008
0.095012573
0.440425101
0.399539988
0.782214425
1.504946639
1.161046305
0.713909386
0.988591538
-0.546897692
0.101497541
-1.508964207
1.277746494
-0.443271295
2.207323708
-0.680985705
0.913521989
1.03378681
-0.86840999
-0.739118208
-0.625068883
-1.012007431
-0.079464416
0.188921325
0.009680744
1.585863224
0.030337178
-1.325935786
0.708922113
0.66479879
1.550551224
-1.060587412
0.886429368
-0.967765117
-0.636091498
-1.623271351
-0.277816206
0.302047491
-1.745807023
-1.280671826
0.338734863
-1.260419634
0.705607042
-2.151827836
-2.831405159
0.512736088
1.295465692
0.42624695
-1.521165417
1.45852391
-0.012262392
2.046779782
-1.344824949
0.076875025
-0.843277756
1.684044766
1.918103906
1.246264372
-1.357689258
0.40794212
-2.23783649
0.876909989
1.207900652
-1.083517506
0.211308237
1.078886075
0.927322701
0.30610295
-1.542018899
-2.663902445
1.436446301
0.422010289
1.205227873
1.537794507
-0.264425439
1.166126419
0.700648918
-1.411543397
2.006535209
0.295299379
1.751762679
-0.512736088
0.269775923
-1.099913707
-0.229823877
1.394277643
0.668022133
0.943314459
0.967765117
-1.489114347
0.740815435
-1.934610545
0.637672453
1.849631827
0.663189707
-2.433998458
1.34164343
-1.418568973
0.130085913
-0.98229888
1.86410543
2.28792101
-2.711689341
1.26903544
-2.114172755
-1.058324972
0.154860875
1.109417173
0.018716906
-2.079296428
-0.314229071
1.319743413
-1.301463364
1.020661088
0.843277756
-0.992808482
0.659976679
2.036406256
-1.978354095
-0.268437584
0.756187877
-1.918103906
-1.722583037
-1.454794882
0.359312288
1.138547673
0.288564688
1.657975815
-1.126293768
-1.613706317
0.166628708
-1.387486346
1.374092472
2.090641115
0.684244473
-1.292484254
-1.44739692
-0.00193612
-1.618470325
-1.053816267
-1.678739195
0.941302331
0.87880749
1.076579016
-1.018490523
-2.766609054
0.751044029
-1.647856701
0.945330413
0.754471044
1.894283155
1.98757324
2.192806572
-1.415047454
-1.537794507
0.530482342
-1.298458689
-2.068213202
0.074286149
1.782514962
0.689146302
-1.567962842
-1.128730998
1.102280243
1.224121803
0.551400113
-2.178737365
-2.386863679
0.720586847
1.425665275
0.080759311
0.903769939
-1.277746494
-1.734078124
-0.384208535
-2.305970954
1.92629162
1.604286682
-0.61568105
-0.130085913
0.520110426
2.016293349
0.727296594
-2.126391814
1.716919832
0.296647917
0.061348885
1.199907988
0.821377081
0.626638869
-1.226856805
1.542018899
0.539418162
-0.493691312
-1.801807514
-1.295465692
-0.162703613
-1.065128655
0.357935813
0.466173022
-1.757781126
1.069691971
1.473646758
-0.191549954
-2.910844689
-3.472865646
-1.842537966
-1.705755814
-0.776967124
-2.192806572
0.780462938
-0.388380741
1.018490523
0.583239276
-0.106688577
-1.604286682
1.067407535
-0.034211435
-0.177108361
1.007708897
0.937289465
-0.140506868
-0.496609476
1.647856701
-1.044862532
0.12878431
-0.86840999
-1.166126419
-1.87149116
-1.313601236
-1.184148526
1.322833259
1.316666115
-1.109417173
0.088531599
0.10798678
0.965705523
1.466043424
-1.111808744
2.365152313
1.360940666
-1.572390836
1.745807023
0.77174113
-1.576849876
-1.207900652
-2.583380757
-1.001295783
-0.044545456
0.794542795
-2.516774499
-1.642859789
-2.487254514
2.178737365
-1.628110088
-1.404586809
-2.036406256
-1.504946639
-1.074277672
1.960404702
2.079296428
1.009855831
-1.088172296
-1.56356538
-1.856820008
2.23783649
-1.24346313
-1.2865556
0.90961079
-2.026247348
-1.049328884
-1.205227873
-0.958528978
-1.210582087
0.947350216
1.469834469
1.025016709
0.569523349
0.88261202
-1.466043424
-0.251081922
-0.505389527
-1.274832055
0.557420798
-0.839599726
-1.13362568
-1.608978654
1.599629764
0.854380993
-1.517073224
-1.951661783
-1.351229151
-1.496983589
1.451085974
1.348020139
-1.161046305
-2.102261432
1.053816267
-1.652895102
1.354452139
0.873124424
1.996964475
0.957507784
-1.257568397
1.493037411
-0.097606065
0.752756431
1.513006279
2.165086646
1.978354095
-0.969828824
-1.035991789
0.244427039
0.392559718
1.044862532
0.389772976
-0.592444406
1.145982808
0.757906942
-1.007708897
0.531968687
-0.86840999
0.600153849
-1.86410543
0.344207809
-0.336002201
0.066522437
-2.090641115
0.89602976
1.298458689
0.812367403
-2.207323708
-1.525283243
0.699000036
0.609452556
-1.770012696
-1.550551224
0.32645746
1.788872029
-1.221395928
0.707263606
-0.951401463
2.151827836
0.419190055
-1.440077337
0.824999664
-2.409762118
0.533456209
-1.581340492
0.798087399
0.152248768
1.440077337
-0.911564646
-1.529427096
-1.148475311
-1.213272256
0.300696778
-0.092419719
0.997043155
0.561949597
0.799863465
-1.394277643
-1.171236806
-1.15599598
-0.586302126
0.259082515
0.01742595
0.158781023
2.057378355
-0.486414189
-1.005566597
1.415047454
-0.915482838
-0.86840999
-1.969300093
1.15599598
-1.138547673
-0.124880799
-0.884519083
0.521588681
-1.15348184
-1.047093097
-0.86840999
-2.621520023
-1.022836473
1.757781126
-1.235117391
-1.462273332
-1.003428902
-0.027754597
-1.131174952
-1.500953217
-0.285874489
-0.852523161
-0.948361569
0.384208535
-2.459754908
-0.980209954
0.606347168
1.429240509
-0.907660399
0.587835614
-1.224121803
0.65197372
-2.548665571
-1.104652969
-0.965705523
-0.97189667
-1.329051129
-0.925340386
-1.319743413
-1.59041863
-0.86840999
0.500994674
1.642859789
-1.095199022
1.313601236
-1.477480585
1.500953217
1.842537966
-0.888342893
-0.894103092
-0.931298304
-1.304479834
-2.222321503
-1.199907988
1.969300093
-0.948361569
-1.163582608
-1.26903544
-1.782514962
-1.266153057
0.718914479
-1.025016709
-1.218679098
-0.86840999
-0.933291635
0.391165967
-1.067407535
1.835535632
0.703952412
-0.89989311
-0.86840999
1.111808744
-0.927322701
1.678739195
-0.57560594
0.235128285
-1.559197947
-1.009855831
-0.90182983
-0.473379676
0.212628308
0.162703613
-1.849631827
-1.632987248
0.518633307
-1.056067936
-1.485214068
-1.637903563
-1.408056585
-1.027201828
-1.150974969
-0.963650017
-1.673480462
-1.694800433
-1.795302222
-0.342838612
-1.240671612
-1.069691971
-1.18675466
-1.370782261
-1.377417808
-0.935288681
-1.173803508
-1.176377967
-1.289514262
0.067816098
-0.584770015
-1.310548647
-0.997043155
-1.53359738
-0.841437318
-0.903769939
-1.45852391
-1.657975815
-1.168677797
-1.307508221
-1.014163726
-1.249075428
-2.006535209
-0.892179737
-0.886429368
-1.092850784
-2.324805005
-1.097553315
-0.939294007
-2.057378355
1.508964207
-0.89795976
-1.038201817
-1.422108172
-0.845121054
-0.850668266
-0.846967228
-1.360940666
-0.890259677
-0.929308666
-1.051569929
-2.270587058
-1.020661088
-0.025172201
0.499531875
-1.493037411
-1.910042795
-1.189368879
-1.145982808
1.673480462
-1.374092472
-0.985440332
-0.994923588
-1.062855293
-0.923361701
-1.348020139
2.270587058
-0.985440332
-0.921386624
-1.031586845
-0.943314459
-1.08584196
-0.961598576
-0.955468385
-1.254727347
-1.076579016
-0.97604488
-0.86840999
-1.116611064
-0.89602976
-1.436446301
-0.988591538
-0.958528978
-1.042637154
-0.953432953
-0.978125296
-0.913521989
-1.202563676
-1.232354515
-1.071982004
-0.90961079
-1.090508556
-0.86840999
-1.18155041
-0.86840999
-0.97396868
-0.941302331
-0.848816294
-0.86840999
-0.99916721
3.472865646
2.583380757
3.166133426
2.583380757
2.583380757
2.583380757
2.583380757
2.583380757
2.583380757
2.583380757
2.583380757
2.583380757
2.583380757
2.583380757
2.583380757
2.583380757
2.583380757
