-1.436446301
-0.499531875
-1.145982808
0.690783925
1.34164343
-1.98757324
-2.831405159
-1.2865556
0.248418651
1.176377967
-1.240671612
0.623500436
-0.334636811
1.404586809
-0.834103876
-0.482060272
-1.422108172
-1.069691971
-0.150943105
1.102280243
-0.141810538
1.354452139
0.511264573
-0.091123527
0.986489645
-2.192806572
0.65677045
0.776967124
0.666409596
1.608978654
1.408056585
-0.808781956
0.990697808
1.213272256
0.048421882
-0.530482342
-0.200760712
0.590906748
-0.727296594
1.454794882
-0.24575714
0.792774232
2.178737365
-1.090508556
0.307455886
0.57560594
-0.636091498
-0.545399349
0.751044029
-0.735730123
-1.03378681
0.069109872
-1.304479834
-0.639255005
0.111882489
-0.195495386
-1.481336252
-0.164011696
-0.609452556
0.980209954
1.422108172
1.613706317
-0.476269214
0.085940265
1.058324972
1.618470325
0.382819288
0.140506868
-0.720586847
1.03378681
-0.90182983
-1.537794507
0.486414189
-0.297996993
-0.211308237
-0.061348885
0.110583734
0.655169866
1.035991789
0.061348885
-0.457556844
-0.079464416
1.918103906
0.139203437
0.744216309
-0.587835614
0.90961079
0.60789913
-2.34450171
-0.812367403
-0.782214425
-1.86410543
-0.526030311
1.145982808
0.447547337
-1.189368879
1.012007431
-0.029045863
-0.931298304
0.056176974
-0.451831578
0.070403763
-0.240439317
0.07169777
-0.512736088
-0.463297147
2.548665571
0.265762345
0.450402579
1.856820008
0.160088278
0.318299892
0.61568105
1.254727347
-0.620368132
0.783968315
-0.430491277
0.202077908
-0.041961548
0.67448975
-0.460425099
-0.775222774
2.192806572
0.034211435
0.963650017
0.685876584
-1.44372746
-0.066522437
-0.256413833
1.237889728
-1.489114347
-0.169246861
-0.632934344
-0.978125296
0.531968687
-0.687510524
-2.621520023
0.502458546
0.349691084
-0.157474039
1.770012696
0.434743372
0.577129912
0.316942368
0.517157318
-0.884519083
-1.477480585
-0.880708162
1.060587412
-0.437582471
-1.554860054
-0.814164048
0.209988534
-0.593983465
0.551400113
-0.927322701
-0.536434802
1.074277672
-1.001295783
1.705755814
-1.394277643
-1.525283243
2.036406256
0.206031609
0.603247616
-0.725616097
0.528997167
-0.518633307
0.505389527
1.065128655
1.025016709
1.249075428
-0.327819155
-0.858105535
-0.60789913
-1.763863925
0.620368132
0.409345263
-1.642859789
1.642859789
-0.431907773
0.563461757
1.088172296
-1.26903544
0.308809385
2.433998458
-2.026247348
0.167937641
0.337368217
-0.850668266
0.722261233
-1.705755814
0.422010289
1.632987248
-0.291256977
-2.28792101
-0.269775923
-1.728302034
1.111808744
-0.40794212
1.128730998
-0.036794555
0.154860875
-0.986489645
2.766609054
-0.470494084
-1.367487002
1.235117391
-0.873124424
-0.255080177
0.480610999
-0.352436659
1.348020139
0.243097369
-0.815963324
-0.867469418
-0.423421664
-2.583380757
-0.101497541
0.370348885
-0.362067284
-1.310548647
0.875015639
-0.718914479
-0.566489951
-1.673480462
-1.415047454
0.066522437
-0.489321926
-0.285874489
-1.801807514
-0.669636409
-0.235128285
1.027201828
-0.422010289
-0.288564688
-0.756187877
1.13362568
0.728979147
0.739118208
0.102795038
0.268437584
0.385598524
-2.516774499
-0.791008146
0.292603913
-1.567962842
-0.056176974
0.479162734
0.710582573
-0.259082515
-0.508324857
-0.434743372
2.006535209
-1.628110088
0.687510524
0.735730123
0.482060272
-0.770003812
0.041961548
0.403737491
0.929308666
-1.301463364
-0.221879323
-0.202077908
1.493037411
-1.390873976
-0.480610999
-0.341470057
-0.744216309
-0.742514798
0.707263606
-0.392559718
-1.007708897
0.399539988
0.951401463
-0.005808389
0.141810538
0.768268815
1.24346313
-0.89989311
-0.578655226
1.745807023
-1.176377967
-0.206031609
-0.692423404
-0.754471044
-1.232354515
-0.082054341
-0.215269564
0.296647917
0.264425439
-1.462273332
-0.548397263
-1.572390836
1.274832055
1.436446301
0.708922113
-0.533456209
-1.918103906
2.207323708
0.823187022
0.540911642
-1.788872029
-0.167937641
1.734078124
-1.849631827
0.598609119
-0.224525927
-0.419190055
0.30610295
-2.711689341
0.007099161
-1.042637154
-2.207323708
0.036794555
0.521588681
-1.062855293
-0.207350223
-1.432834105
-1.45852391
0.612563833
-0.661582339
-1.599629764
0.15355469
0.988591538
0.101497541
-0.179731271
0.554407943
-0.152248768
0.183667961
0.010971559
1.116611064
-0.022589972
0.828633105
-0.618804262
-1.292484254
-0.388380741
-0.28991057
-0.303398756
-0.589370486
-0.158781023
0.072991899
-0.697353053
-0.557420798
1.87149116
0.684244473
-0.243097369
0.012262392
0.156167323
0.545399349
1.364206527
0.386989258
0.127482924
1.246264372
0.601700013
1.380758446
0.763077637
-0.127482924
0.247087677
0.474823949
-0.384208535
-0.572561996
0.005808389
1.099913707
1.304479834
-0.67448975
-1.384114564
1.049328884
0.54240633
0.440425101
-0.12097919
-0.293951379
0.677734153
-0.184980821
0.199443864
-1.24346313
-0.044545456
0.737423107
-1.454794882
0.458990499
-1.020661088
-1.161046305
-0.603247616
-0.204713354
-1.53359738
-1.380758446
0.65197372
0.812367403
0.334636811
1.226856805
-1.166126419
1.429240509
1.189368879
1.525283243
-0.935288681
0.000645373
0.22849879
-0.284530166
0.229823877
-0.051006566
-0.067816098
-0.265762345
1.92629162
-0.321016701
0.336002201
0.351063541
-2.151827836
0.277816206
0.764805739
-0.280500271
0.947350216
0.593983465
0.884519083
0.233801568
-0.783968315
-0.225849818
0.315585429
-1.199907988
2.165086646
-0.961598576
-1.173803508
3.014425389
2.079296428
-1.218679098
-0.824999664
-0.114480569
0.451831578
2.151827836
-1.197260736
-0.712244994
-1.003428902
0.00193612
1.86410543
-0.375884062
-0.446121084
0.597065816
0.578655226
0.761351811
0.514208714
-1.018490523
1.374092472
-1.473646758
-1.451085974
-0.606347168
0.232475263
0.87880749
0.257747944
-0.702299707
1.508964207
0.444695738
-0.136597283
1.82862216
0.524548619
-1.044862532
-0.367585556
2.23783649
-1.229601015
-0.156167323
-0.539418162
0.302047491
-1.213272256
-0.07169777
-0.322375994
1.168677797
0.499531875
-0.443271295
-0.521588681
0.304750574
2.25390963
0.945330413
-0.249750065
1.280671826
0.886429368
0.235128285
0.377269651
0.353810442
0.329181457
0.834103876
0.114480569
0.754471044
-0.564975207
1.751762679
0.796313846
-0.208669197
0.880708162
1.095199022
-0.695707958
-1.82862216
-0.737423107
-0.787483352
-0.600153849
-0.391165967
-0.89602976
-0.87880749
0.368966869
1.062855293
-0.677734153
1.397697539
-0.768268815
0.98229888
0.149637699
-1.10703193
-1.016324746
0.338734863
0.456124128
-0.659976679
1.98757324
-1.065128655
-1.071982004
-0.239110929
-1.902103924
-1.298458689
0.137900243
-1.978354095
0.66479879
-0.085940265
-1.529427096
-0.990697808
-1.652895102
-0.843277756
0.164011696
1.329051129
-0.360689444
-0.537925883
0.530482342
0.170556372
-0.346948142
0.921386624
-0.967765117
-0.133992055
0.054884237
0.658372719
0.925340386
-0.409345263
0.500994674
-1.808389963
0.97189667
-1.051569929
0.650378144
2.222321503
-1.191991252
0.01742595
1.207900652
-0.268437584
1.271928406
-0.645601308
1.466043424
2.090641115
-1.370782261
-1.119021908
-0.063935447
1.969300093
0.477715474
2.026247348
-1.040416927
0.467612405
-2.222321503
-1.274832055
-1.329051129
2.046779782
0.566489951
0.186294
-0.38143078
-0.186294
-1.260419634
0.420599753
0.362067284
-0.994923588
0.016135022
-0.568005997
-0.490777346
1.257568397
-1.397697539
1.150974969
2.057378355
1.126293768
-0.349691084
0.31016345
-1.338475433
-1.289514262
0.830453933
-1.996964475
0.558929123
-0.969828824
0.604796666
-0.803423191
1.292484254
-0.502458546
0.430491277
-0.31016345
-0.393954232
0.915482838
-1.92629162
-0.311518084
0.063935447
0.495149867
0.364825032
-1.319743413
0.157474039
0.806993127
-1.770012696
1.370782261
-1.821794999
-1.364206527
0.133992055
-0.271114746
-0.220556605
1.319743413
0.935288681
-0.876909989
-1.307508221
-0.861842018
0.161395808
-2.046779782
-0.013553245
-1.68939817
0.259082515
0.026463377
-1.226856805
-0.32645746
0.322375994
0.346948142
0.047129662
0.618804262
1.322833259
-1.221395928
0.471936389
-0.117079422
-1.249075428
-0.252414225
1.161046305
-0.965705523
0.861842018
1.757781126
0.848816294
-1.716919832
-0.217912323
0.027754597
-0.631358132
-1.150974969
0.574083303
0.727296594
0.179731271
-0.551400113
-0.296647917
1.018490523
1.277746494
0.100200214
1.141019044
-1.251896388
-0.403737491
0.723937646
-1.657975815
0.865590573
1.842537966
-1.411543397
-1.060587412
-0.14702765
-0.886429368
-1.960404702
0.89989311
-0.939294007
1.477480585
-0.761351811
-1.344824949
-1.684044766
0.523068077
0.534944912
0.194179907
0.249750065
0.586302126
1.26903544
-0.730663767
-0.03937792
-1.210582087
-1.694800433
0.327819155
-0.119679066
-0.763077637
-1.886576562
0.182355418
-0.244427039
1.009855831
-2.178737365
0.021298915
-0.357935813
1.960404702
0.414965938
-1.377417808
-0.12878431
-0.377269651
-0.821377081
-0.030337178
-1.332179425
0.342838612
-0.764805739
0.692423404
-1.143497404
1.473646758
-1.171236806
-0.629783487
-0.487867542
1.184148526
-2.766609054
-0.66479879
0.595523933
0.931298304
-1.283608158
-0.923361701
0.88261202
-0.080759311
0.177108361
0.858105535
0.279157987
-0.209988534
-0.705607042
1.260419634
0.890259677
-1.595007281
-0.839599726
-1.521165417
-0.414965938
1.295465692
-0.386989258
0.653570959
0.341470057
0.97396868
-0.025172201
0.700648918
0.568005997
1.694800433
-1.632987248
1.069691971
0.360689444
1.44739692
0.184980821
0.32645746
1.178960246
1.489114347
-0.165320061
-0.420599753
0.410749213
-0.092419719
-0.752756431
-0.703952412
0.079464416
-0.584770015
-0.267099725
-0.888342893
-0.396745562
-1.207900652
-1.576849876
0.288564688
-0.113181434
1.500953217
-1.316666115
-0.316942368
0.299346613
0.799863465
0.492233807
1.078886075
0.331907899
-0.126181755
-0.295299379
-0.273793852
0.715575758
-0.88261202
-0.355184893
-0.076875025
0.984392102
0.668022133
-0.707263606
-2.663902445
-1.035991789
1.357689258
0.584770015
-0.892179737
-2.079296428
-1.739912654
0.913521989
-1.647856701
0.911564646
0.697353053
-0.329181457
0.941302331
-0.440425101
-0.188921325
1.229601015
-0.087235858
0.380043007
-0.823187022
1.202563676
2.126391814
0.275134141
0.443271295
0.211308237
-0.439003343
-1.13362568
-1.025016709
-0.181043188
0.357935813
1.163582608
-1.031586845
0.187607501
-0.191549954
-0.848816294
-0.905713456
0.12878431
-0.65677045
1.801807514
-0.77348078
-0.865590573
-0.676111062
0.272454055
2.711689341
-0.261753043
0.592444406
0.606347168
0.423421664
-0.90961079
0.084644815
1.224121803
1.307508221
-0.63451213
-0.314229071
-0.685876584
1.886576562
0.031628544
-0.227174105
0.454692348
1.415047454
1.390873976
2.114172755
-0.424833883
1.554860054
-0.549898068
-1.014163726
0.087235858
0.253746976
0.676111062
1.007708897
1.114206692
1.029391862
0.023881066
-0.943314459
0.413559547
-0.417781188
-1.076579016
0.219234272
-0.084644815
-2.102261432
-0.509794164
-0.075580523
1.18155041
-0.531968687
1.136083236
-0.035502965
-0.229823877
0.814164048
-1.425665275
0.815963324
1.943065549
1.782514962
-0.528997167
0.775222774
-1.271928406
-0.24176813
-0.798087399
-1.722583037
-0.413559547
-1.59041863
0.366204945
0.088531599
-0.511264573
0.869351331
-0.01742595
-0.034211435
-0.049714182
-1.116611064
0.463297147
0.97604488
-2.016293349
1.051569929
-0.875015639
-1.168677797
0.682614183
1.325935786
0.969828824
0.557420798
-1.734078124
-1.095199022
1.15599598
0.965705523
0.212628308
-0.903769939
0.572561996
-1.700252616
0.062642114
3.166133426
-0.621933522
0.439003343
-0.679359031
-0.027754597
-0.97189667
0.330544371
0.237782963
0.436162482
-0.444695738
-0.61568105
0.049714182
1.313601236
-1.354452139
0.747625812
0.240439317
0.419190055
0.150943105
0.518633307
-1.508964207
1.221395928
-0.523068077
0.89602976
2.910844689
-0.653570959
-1.009855831
-0.560438721
-1.322833259
1.432834105
-0.131387737
-0.757906942
-1.623271351
0.118379144
1.657975815
1.652895102
1.08584196
-1.745807023
-0.175797363
0.852523161
-0.160088278
-0.612563833
0.004517626
-0.583239276
0.712244994
0.671252432
0.424833883
-0.137900243
-0.299346613
1.637903563
-0.495149867
0.552903403
0.817765246
-1.542018899
0.28991057
0.145723003
0.789244523
1.2865556
-1.092850784
0.104092708
-0.54240633
1.056067936
-0.921386624
-1.178960246
1.849631827
-0.052299035
-0.123580054
-0.715575758
0.821377081
1.298458689
0.117079422
-0.277816206
0.244427039
1.092850784
1.517073224
2.386863679
0.745919977
-0.890259677
0.162703613
-0.199443864
-0.792774232
-0.190235475
-1.517073224
-0.023881066
-2.459754908
-0.524548619
0.645601308
0.143114449
-0.997043155
-0.318299892
-0.088531599
1.678739195
1.351229151
-0.810573377
0.694064745
-0.925340386
-1.795302222
-0.845121054
-0.351063541
1.673480462
0.217912323
0.537925883
-0.28184306
-0.264425439
-0.095012573
-0.072991899
-0.796313846
-0.77174113
0.097606065
0.074286149
0.427660869
1.197260736
0.99916721
0.091123527
-2.138936855
0.725616097
-1.951661783
1.232354515
0.352436659
-0.739118208
-1.081198892
0.224525927
-0.323735883
0.169246861
2.102261432
-0.734039245
0.919415135
0.629783487
0.876909989
1.513006279
0.717244119
-1.757781126
-0.100200214
0.512736088
-0.82681502
1.763863925
1.131174952
1.481336252
0.00322687
-1.493037411
-0.232475263
-0.980209954
0.770003812
0.106688577
-0.937289465
1.66309969
0.323735883
0.89795976
-0.915482838
-0.684244473
0.90182983
1.360940666
0.441847751
0.819569828
0.845121054
0.333272045
-0.933291635
0.509794164
-0.561949597
1.585863224
-0.471936389
-0.374499195
1.440077337
-0.436162482
-0.484961863
-2.006535209
-1.313601236
1.604286682
-0.723937646
-0.534944912
-0.441847751
0.24575714
-0.655169866
-0.75962825
1.191991252
-1.109417173
0.994923588
0.166628708
0.63451213
1.716919832
0.742514798
-0.941302331
-1.513006279
-0.292603913
-0.144418603
0.617241904
0.40093837
-2.090641115
-0.666409596
-0.096309238
-0.728979147
0.680985705
-0.263089006
0.053591591
-0.500994674
1.387486346
1.158517449
-0.450402579
0.124880799
0.626638869
0.560438721
-0.213948749
-0.745919977
1.894283155
0.832277519
-0.520110426
-0.276474925
-0.356560016
-0.859972276
2.831405159
0.871236327
0.628210401
-0.074286149
1.119021908
0.843277756
-0.373115045
0.132689784
-1.126293768
0.489321926
-1.357689258
-1.678739195
-1.163582608
0.10798678
-0.364825032
-1.029391862
0.894103092
-0.611007455
-0.154860875
0.939294007
0.78572462
-1.058324972
-1.15348184
0.375884062
-0.380043007
0.846967228
-0.558929123
1.529427096
-0.474823949
0.943314459
0.508324857
0.029045863
0.221879323
0.065228888
-0.319658002
-0.170556372
0.718914479
0.892179737
0.548397263
0.571042014
0.625068883
-0.78572462
-0.699000036
1.266153057
1.546270991
-0.315585429
-1.815051712
-0.498070144
-0.405138237
-0.751044029
0.669636409
1.411543397
-1.56356538
0.600153849
-1.121439273
-1.15599598
-1.440077337
1.68939817
1.053816267
-0.766536128
1.821794999
0.782214425
1.377417808
2.270587058
-0.342838612
-0.680985705
0.119679066
0.035502965
-0.00193612
-0.106688577
-0.057469806
0.207350223
-0.247087677
0.319658002
0.174486668
1.496983589
0.967765117
0.433325137
-0.479162734
-1.335320812
-0.389772976
0.498070144
-0.98229888
-0.070403763
-0.505389527
0.621933522
1.567962842
-0.104092708
-2.548665571
-0.554407943
0.888342893
0.460425099
0.345577651
-0.31287329
0.083349508
-0.506856646
0.052299035
0.82681502
0.355184893
1.815051712
-0.330544371
0.549898068
1.344824949
0.348319285
0.752756431
-0.053591591
-0.477715474
-1.348020139
1.138547673
1.776229125
-1.111808744
0.734039245
-1.131174952
-0.368966869
-0.592444406
0.058762733
1.425665275
-3.166133426
0.713909386
0.805206876
1.835535632
-0.304750574
-0.658372719
0.824999664
0.647191945
-0.020007894
0.181043188
-1.325935786
0.863714778
-0.749333826
-0.671252432
-1.637903563
-1.237889728
-1.387486346
-0.371731609
0.933291635
-1.34164343
0.429075643
0.416373151
-0.132689784
0.905713456
-0.038086206
1.902103924
-0.182355418
-0.187607501
0.75962825
0.373115045
0.77174113
1.788872029
-1.500953217
-0.021298915
0.83593302
-0.819569828
0.841437318
-0.947350216
1.076579016
0.810573377
0.018716906
0.837764965
0.856241779
1.44372746
-0.192864763
0.464734604
1.978354095
0.291256977
-0.212628308
1.215971233
0.158781023
-0.047129662
-0.527513158
0.371731609
0.917447213
-0.162703613
-0.429075643
-0.473379676
0.148332548
1.020661088
-0.794542795
-0.713909386
-0.149637699
0.260417547
1.199907988
-1.418568973
0.393954232
-1.613706317
-0.233801568
0.203395454
-1.581340492
-0.331907899
0.959551172
-0.194179907
-0.143114449
-0.647191945
0.236455415
-0.410749213
1.083517506
-0.145723003
0.009680744
0.839599726
0.216590755
-0.447547337
-0.093716067
-0.959551172
-1.102280243
-0.062642114
-0.574083303
-1.141019044
-2.386863679
-0.817765246
0.144418603
-0.515682456
-0.382819288
0.396745562
0.780462938
0.078169655
-0.178419662
-0.148332548
-0.486414189
0.191549954
-0.32509637
-0.416373151
-1.136083236
0.044545456
-0.469052758
-0.118379144
-0.177108361
-0.083349508
-0.668022133
0.171866175
-0.626638869
1.628110088
-0.338734863
-0.336002201
-0.97396868
-0.863714778
-1.099913707
-0.806993127
-0.302047491
-0.045837521
-0.689146302
1.194621847
-0.345577651
0.611007455
1.559197947
0.636091498
-0.461860647
-0.110583734
-0.467612405
-1.138547673
0.388380741
0.363445812
1.090508556
-0.992808482
0.756187877
1.623271351
-1.496983589
0.515682456
0.092419719
0.402337536
1.067407535
-0.406539779
-0.595523933
0.461860647
1.097553315
0.546897692
1.576849876
-1.053816267
0.057469806
0.311518084
-0.433325137
-0.963650017
1.367487002
-1.776229125
0.496609476
-0.869351331
-0.799863465
1.014163726
-0.700648918
-0.102795038
-1.038201817
-1.184148526
-0.614121696
-0.257747944
0.732350463
-1.12386321
-1.466043424
2.305970954
1.289514262
1.171236806
0.398142386
1.205227873
-1.005566597
-0.644012303
0.659976679
0.476269214
-0.642424922
0.340102142
-1.148475311
-0.604796666
1.581340492
-0.124880799
-1.097553315
-0.832277519
-1.257568397
0.957507784
0.213948749
0.561949597
1.668267604
0.640839158
0.40794212
-1.215971233
-0.911564646
0.022589972
-1.18155041
-2.487254514
0.503923496
0.520110426
-0.852523161
0.31287329
-0.42624695
-1.263281154
-0.337368217
0.389772976
1.647856701
0.252414225
-0.058762733
0.536434802
-1.66309969
2.28792101
1.739912654
0.695707958
0.992808482
-0.344207809
-0.789244523
2.138936855
0.67287021
-0.493691312
-0.248418651
1.12386321
-0.722261233
-0.216590755
0.794542795
0.123580054
0.720586847
-0.929308666
-1.083517506
-0.135294554
0.076875025
2.016293349
0.109285165
0.263089006
-1.969300093
-0.466173022
-0.805206876
-0.300696778
1.18675466
0.639255005
-1.910042795
-0.173176273
-0.637672453
-1.404586809
-0.732350463
0.122279519
1.218679098
1.044862532
0.013553245
-0.009680744
0.395349512
0.469052758
-1.056067936
-1.049328884
-1.280671826
-0.55591374
-1.408056585
-1.87149116
0.300696778
-0.650378144
1.572390836
-1.254727347
-1.401133862
0.564975207
-0.984392102
0.297996993
1.537794507
0.55591374
0.663189707
1.728302034
-0.251081922
-0.648784221
1.542018899
0.095012573
1.384114564
-0.231149367
0.587835614
-0.569523349
-2.057378355
1.418568973
-0.007099161
-0.060055759
0.293951379
0.280500271
-1.047093097
-2.126391814
-0.412153973
0.392559718
1.251896388
-1.585863224
1.038201817
0.791008146
0.283186358
0.757906942
-0.236455415
0.0406697
-1.504946639
1.003428902
0.405138237
-0.22320243
-1.205227873
1.040416927
0.208669197
-0.115779898
-0.032919962
-1.128730998
-1.078886075
0.130085913
-1.842537966
0.903769939
-1.469834469
1.071982004
1.951661783
-1.711311162
1.031586845
-0.590906748
0.702299707
-0.543902231
0.098903057
-0.010971559
-1.246264372
1.394277643
0.014844121
2.365152313
1.462273332
0.356560016
-0.517157318
0.493691312
0.198127362
0.113181434
0.190235475
-0.054884237
1.599629764
-1.751762679
-0.453261499
0.526030311
-0.348319285
-2.036406256
1.338475433
-0.577129912
1.700252616
-0.359312288
1.56356538
0.287219329
0.178419662
0.295299379
-0.308809385
-2.433998458
0.12097919
-0.183667961
1.240671612
-0.395349512
0.631358132
0.589370486
0.487867542
-0.97604488
-1.668267604
0.239110929
-0.945330413
0.075580523
-0.801642059
-1.878980412
-2.165086646
1.878980412
-0.563461757
0.089827487
0.314229071
0.437582471
1.485214068
0.367585556
-0.398142386
-0.031628544
0.483510558
0.126181755
0.082054341
1.59041863
-0.15355469
-0.219234272
0.787483352
0.632934344
-0.846967228
-1.202563676
-1.782514962
0.473379676
1.711311162
-0.427660869
0.955468385
1.104652969
0.043253466
-0.283186358
-1.485214068
0.32509637
-0.122279519
0.923361701
-0.253746976
0.192864763
-1.894283155
1.684044766
-0.89795976
0.457556844
-0.717244119
-1.114206692
-0.166628708
0.609452556
0.580181887
0.543902231
0.949373892
-0.012262392
0.490777346
0.227174105
0.907660399
-0.552903403
0.642424922
0.637672453
0.927322701
0.271114746
1.143497404
1.451085974
-0.694064745
1.166126419
0.215269564
-0.780462938
-0.272454055
1.45852391
0.152248768
-2.23783649
-0.907660399
0.801642059
-1.194621847
0.251081922
-1.088172296
-0.951401463
-1.067407535
0.453261499
-0.580181887
-0.710582573
1.005566597
0.808781956
-1.360940666
0.703952412
0.24176813
-0.837764965
0.406539779
-0.625068883
-0.663189707
0.344207809
-0.098903057
1.550551224
-0.640839158
-0.018716906
0.22320243
0.38143078
-0.957507784
-1.604286682
-0.043253466
-0.571042014
0.374499195
0.446121084
1.148475311
0.391165967
0.569523349
-0.598609119
0.093716067
1.121439273
-0.363445812
-0.623500436
0.850668266
1.001295783
-1.074277672
0.749333826
0.778713841
-0.385598524
-0.109285165
1.310548647
0.135294554
-0.30610295
-0.546897692
-0.65197372
0.484961863
0.506856646
0.255080177
0.032919962
-0.581709902
-1.835535632
1.109417173
0.200760712
1.808389963
0.273793852
-1.550551224
-2.068213202
0.42624695
-0.196811204
-0.988591538
1.15348184
0.020007894
1.047093097
1.263281154
1.53359738
-1.022836473
0.859972276
-0.682614183
0.267099725
0.030337178
-0.458990499
0.131387737
1.042637154
0.448974501
-0.454692348
-0.778713841
-0.22849879
-0.097606065
-0.708922113
-1.295465692
-0.065228888
-0.340102142
0.276474925
0.648784221
0.136597283
-0.448974501
-0.464734604
-1.374092472
-0.10798678
-0.237782963
0.533456209
-0.366204945
-0.130085913
-0.586302126
0.873124424
-0.617241904
-2.114172755
-1.559197947
-0.483510558
0.431907773
-0.503923496
0.527513158
-0.894103092
-0.378655965
1.521165417
-0.949373892
-1.224121803
-0.014844121
-0.026463377
-0.830453933
0.766536128
-0.856241779
0.740815435
0.644012303
1.722583037
0.115779898
1.595007281
-0.492233807
-1.934610545
1.335320812
0.096309238
-1.943065549
0.378655965
-0.99916721
0.614121696
-0.399539988
1.022836473
-1.546270991
-0.540911642
-0.955468385
0.285874489
0.798087399
-1.08584196
-0.333272045
-1.18675466
1.469834469
0.28184306
-0.198127362
-1.012007431
1.301463364
2.068213202
0.045837521
-0.40093837
0.188921325
0.165320061
-0.275134141
2.324805005
-0.171866175
-0.111882489
0.231149367
-1.429240509
-1.608978654
-0.628210401
0.699000036
0.730663767
-1.027201828
-0.953432953
-0.854380993
0.961598576
-0.069109872
-1.856820008
1.996964475
-0.514208714
0.008389946
0.051006566
-0.828633105
-0.913521989
1.504946639
0.77348078
0.175797363
0.220556605
0.679359031
1.332179425
1.081198892
-0.004517626
-0.287219329
-0.690783925
1.10703193
-0.747625812
0.067816098
-0.57560594
0.261753043
-1.44739692
-0.370348885
0.937289465
0.583239276
-0.000645373
0.196811204
-1.235117391
1.795302222
-1.277746494
-0.67287021
-0.139203437
0.689146302
-0.601700013
0.978125296
0.195495386
-1.618470325
-0.161395808
1.316666115
-1.158517449
0.705607042
0.256413833
0.581709902
-0.105390554
-0.456124128
1.210582087
-1.266153057
0.417781188
-0.0406697
0.661582339
-0.174486668
1.910042795
-0.203395454
-0.841437318
0.359312288
-2.270587058
-0.260417547
0.539418162
-0.917447213
0.303398756
0.025172201
-1.104652969
1.401133862
-0.00322687
0.466173022
0.269775923
-1.351229151
0.867469418
0.14702765
-0.353810442
-0.740815435
0.284530166
-0.496609476
0.038086206
-0.089827487
-0.279157987
0.470494084
0.384208535
-0.008389946
0.412153973
0.803423191
1.016324746
0.080759311
-0.048421882
0.173176273
0.060055759
0.953432953
-0.919415135
-0.83593302
0.321016701
-0.871236327
-0.776967124
-0.402337536
1.173803508
0.03937792
0.225849818
-0.140506868
-0.307455886
0.854380993
1.283608158
1.934610545
0.105390554
-0.016135022
-0.597065816
0.204713354
0.997043155
-0.078169655
-2.365152313
-2.25390963
-2.324805005
-3.014425389
2.516774499
2.663902445
3.472865646
-3.472865646
-2.305970954
2.621520023
2.583380757
2.487254514
-2.910844689
2.459754908
2.34450171
2.409762118
-2.409762118
